1461243310.02414 6.4582598157524e-06 1.41134350280169e-05 2.89412650712688e-05 -2.23203662785138e-06 2.00255282486448e-05 5.09700983400702e-06 0.999999999784008
1461243310.16334 -0.011650229078009 -0.00662595166769008 0.239845205672289 0.000538231609381271 -0.0012710934984031 0.00218327543854675 0.999996663962642
1461243310.22422 -0.0178900023743952 -0.00954340535728505 0.353635325896316 -0.00050239334165395 -0.00208775257624278 0.000752191882714566 0.999997411545391
1461243310.28393 -0.0236259010309848 -0.0123484269898158 0.449287017502291 0.00127300852082398 -0.00351893496787558 0.00058955466599482 0.999992824459903
1461243310.34454 -0.0305106709795368 -0.0158452888566711 0.562379131262892 0.00109066914906505 -0.00380099270844484 -1.5214200454348e-05 0.999992181301317
1461243310.42269 -0.038405883300234 -0.0201452151688524 0.709982203534996 0.00075986521130598 -0.00358763474362415 0.00214079145558124 0.999990984206233
1461243310.52315 -0.0469919694271656 -0.0237571931050661 0.899654193517652 -0.000491815167413993 -0.00190860605494397 0.00110897570868228 0.999997442753553
1461243310.60267 -0.0537569029272946 -0.0282729758395477 1.05868260305502 0.00079695551406861 -0.000585549850093947 -0.00162060288824705 0.999998197818156
1461243310.66266 -0.0597569687362063 -0.0313876288351545 1.18145398252778 0.00155632098564835 0.000285725413500708 -0.00207336387900847 0.999996598688317
1461243310.72487 -0.0644686832851533 -0.0349360996959302 1.30872836357448 0.000603882912910837 0.00213356199390212 -0.00336703449100217 0.999991873125668
1461243310.80263 -0.0709168111016715 -0.0393419154315563 1.46975506414888 0.00101708426225607 0.00398321873607798 -0.00152711035357086 0.999990383674799
1461243310.90261 -0.0773668169305864 -0.043934537877846 1.67028182372923 -0.000438023244532638 0.005578068033775 -0.000470775992104246 0.99998423570705
1461243310.96254 -0.0813058780051934 -0.0471598358052083 1.79860407966544 -0.00144239567285322 0.00639063733991124 0.00204686826155194 0.999976444512286
1461243311.02445 -0.085646440109257 -0.0499929129708379 1.90739372936704 -0.000955744217382311 0.00680850791262747 0.00066872003558999 0.999976141508641
1461243311.10263 -0.0913284397231272 -0.0549571178313799 2.07499136224836 -4.34194089308827e-05 0.00673744962125835 -0.000603106590859913 0.999977120313158
1461243311.20288 -0.100395306414217 -0.0619504027350982 2.294092616513 0.00202437084598188 0.00647764687058597 0.000519952277198943 0.999976835563368
1461243311.28295 -0.10586476250588 -0.0662724357063932 2.46378132372275 1.33849734613111e-05 0.00564959925456446 0.00136366176056231 0.999983110995235
1461243311.34288 -0.111154192415759 -0.0697896257705806 2.59305020598383 -0.000378274988979317 0.00572053751966874 0.00192801994964184 0.999981707381486
1461243311.4226 -0.117159974909922 -0.0736987124577484 2.76237191740626 -0.000308016904036701 0.00521542305670205 -0.000945154267585907 0.999985905486341
1461243311.48285 -0.121951546361246 -0.0765781333982148 2.87389303966415 -0.00163415472933857 0.00568327644312437 -0.000879924301765905 0.999982127660497
1461243311.54294 -0.126262484339137 -0.0799801359556877 3.0061569379755 -0.000583260438037487 0.00598378560546546 -0.00155962106213302 0.999980710663577
1461243311.5827 -0.129611887972348 -0.0824856746281957 3.09933517980251 -1.33306900959993e-05 0.00576463941450361 -0.00203626393630199 0.999981311017309
1461243311.66259 -0.135430386567396 -0.086981705483213 3.25122388324389 -0.000381584973528569 0.00566502544730752 -0.000332523055246632 0.999983825523197
1461243311.74253 -0.141588395922009 -0.0920272703311284 3.44064515487303 0.000318924177181412 0.00522291531389322 -0.0017919792351838 0.999984704009723
1461243311.84261 -0.149805759016845 -0.0994220494323048 3.6377245512222 0.00318108330081855 0.00564491193952379 -0.000351909905518447 0.999978945697182
1461243311.90306 -0.154703376406263 -0.10165598035529 3.7421618101596 0.000197194648031811 0.00687352464790553 -0.000369979144360295 0.999976289163207
1461243311.96282 -0.159222849786849 -0.103681058130763 3.87384277515019 -0.00508438210696826 0.00700113428822584 -0.000451883142395446 0.999962463784963
1461243312.0426 -0.165040187745198 -0.108722566227581 4.03952569597967 0.000184003273825034 0.00706726631678606 -0.00205148189106684 0.999972905288765
1461243312.08302 -0.167683821320845 -0.111300971241186 4.13309915333552 0.000452125976817503 0.00736996223734284 -0.00356493428366452 0.999966384676142
1461243312.14355 -0.17355553343872 -0.114456650596979 4.25496520432837 0.000945874835076394 0.00776520326955119 -0.00273490526492314 0.999965663026572
1461243312.20317 -0.176639952926246 -0.11787822766085 4.36059725813858 0.000724625348275679 0.00754936416778007 -0.000933774784486554 0.999970804615524
1461243312.30311 -0.183214459166981 -0.124321469003243 4.55323247942743 0.00026791735394733 0.00729086334607116 0.00107869420613 0.999972803605563
1461243312.40259 -0.190237579497669 -0.129805370737998 4.76487383426997 -0.00134011879524264 0.00648240214959671 0.00273896716412473 0.999974339972211
1461243312.48289 -0.194689169169233 -0.134311039736409 4.90373076790621 4.5210945396168e-06 0.00589914397144201 0.00307482847243993 0.999977872510102
1461243312.56285 -0.201266630859742 -0.137709657709286 5.06149172323727 -0.00110873015271989 0.00540657436026059 0.00302865380014107 0.999980183267296
1461243312.64285 -0.206904670008166 -0.142176144379571 5.22247344388953 0.00014378718361231 0.00441605586114537 0.00244413143693504 0.999987251917441
1461243312.68246 -0.211995490517219 -0.14463095318186 5.31187156517078 -5.32429153929813e-05 0.00414344663888518 0.00241296981479507 0.99998850322982
1461243312.7225 -0.214187921248831 -0.146575363551739 5.38341880144751 -9.58373380315326e-05 0.00369589147258497 0.00161344439105169 0.999991863966215
1461243312.76253 -0.216053979736922 -0.148615114195985 5.47560367898616 0.000170689185940264 0.00402556777326873 -0.000752810211511817 0.99999159943776
1461243312.84249 -0.221149278865684 -0.154552565273101 5.63776033561019 0.000146461090738366 0.00422542334872042 -0.000413934842045324 0.999990976461598
1461243312.92251 -0.228625331888796 -0.159429494735967 5.80574916643549 -0.000155599147044992 0.00558707220151073 -0.00113373471950821 0.999983737397117
1461243313.02263 -0.235144086167569 -0.165639897958117 6.01149753209909 -0.00195196910519661 0.0068344409426434 0.000332121832943807 0.999974684643917
1461243313.12262 -0.2405174347304 -0.172631711237016 6.21996312356092 0.000113336185642545 0.00632917773186602 0.00112829032245307 0.999979327598874
1461243313.22278 -0.252302555657303 -0.176604528314472 6.42991213850409 -0.00363838786692828 0.00636914075148969 -0.00092671814109824 0.999972668313142
1461243313.30301 -0.259867517264994 -0.18229838151263 6.62652899849537 -0.000666220059819057 0.0047708969410454 -0.00174549769923449 0.999986873879348
1461243313.40316 -0.268482122270592 -0.188191168370095 6.82789757390606 -0.00569866023390858 0.00343483626955121 0.00307643303170405 0.999973131004599
1461243313.48255 -0.274681895379487 -0.192196649952252 6.99748021536746 -0.00222054283637387 0.0026043423977405 0.012060502084946 0.999921412351814
1461243313.56248 -0.28434459482601 -0.197150754725342 7.13594015580612 0.000468766888031662 0.000974387364327266 0.00565321069419025 0.999983435880673
1461243313.66242 -0.291427852361779 -0.211671809723406 7.35061700846341 0.0139514631997487 0.00123292567553848 -0.00500708886331112 0.999889376696232
1461243313.7225 -0.29800186300868 -0.21424488788453 7.4441842492225 0.00919978140453213 0.00198917703666373 -0.00918644832646301 0.999913504441245
1461243313.76241 -0.302609221059944 -0.21762788941929 7.53667113531347 0.00112873513672577 0.0048985407712979 -0.0132069514644975 0.999900148358984
1461243313.82277 -0.304181545087034 -0.220794591619415 7.65409089691323 0.00491332890583978 0.00205987723910296 -0.0124354328715095 0.999908483869459
1461243313.92242 -0.309490563688537 -0.223757469129995 7.83664950541581 -0.00358982397571497 0.00099370226174449 -0.0154212681901741 0.999874147184057
1461243313.98243 -0.317975133085062 -0.224825284659816 7.94916522568095 -0.00405251256777802 0.00289724320509097 -0.0143250493943721 0.999884981427138
1461243314.0424 -0.321961011751545 -0.227346119620282 8.07073045008223 -0.00367683787922413 0.00346737153397216 -0.0100663976991067 0.99993656090535
1461243314.12269 -0.328304038337208 -0.232459997946202 8.22875186274463 -0.000115010104823395 0.00192903701258511 -0.000389744850676834 0.999998056842028
1461243314.22253 -0.337518068688693 -0.234402665628551 8.41836994575231 -0.00424904608815106 7.65893812490179e-05 0.00560126033537397 0.999975282506554
1461243314.38249 -0.354207483034083 -0.246377283831519 8.72280589717792 0.00347587590341076 -0.00105062164379956 -0.00205795132792004 0.999991289620664
1461243314.48291 -0.36402330552771 -0.25302740915059 8.92509352651255 0.00173139156312418 -0.00107094358384819 -0.0036952689418775 0.999991100135668
1461243314.56246 -0.373780037568105 -0.25956775519277 9.08286022678188 0.00491603742132521 -0.00161889250885122 -0.00217911849061229 0.999984231478537
1461243314.66239 -0.38497955906385 -0.26706576566453 9.28937404983295 0.00550360907869874 -0.00174296323574617 -0.00149528847551593 0.999982218081223
1461243314.76276 -0.397854262765993 -0.272687945190808 9.49266900106393 0.000348236110433761 -0.00212445312630964 -0.00330542945546975 0.999992219753054
1461243314.86241 -0.409194917573088 -0.281730452764766 9.72234706049317 0.00500509343113697 -0.00181927688581343 -0.00443439247413316 0.99997598742907
1461243314.94264 -0.416231330938206 -0.285556993043544 9.8777756342323 0.00219564086401551 -0.000826275992774788 -0.00547972931096442 0.99998223434012
1461243315.02226 -0.424286003122767 -0.291377194981059 10.0505506130517 0.00344871812242844 0.000133165296332383 -0.0061488655267465 0.999975139722508
1461243315.10279 -0.431759759973837 -0.297414854227004 10.2274360653443 0.00389124573858983 0.00179092502738761 -0.00576666465953334 0.999974197853551
1461243315.18238 -0.438666341934595 -0.30363371905417 10.403372606545 0.00340276527319241 0.00298682308333686 -0.00579447734162941 0.999972961688816
1461243315.24267 -0.44434630259197 -0.308322157909344 10.5404214011256 0.00501267015555771 0.00383890398030461 -0.00591462579457452 0.999962575877643
1461243315.3224 -0.450819667172439 -0.314401477856116 10.7185553026276 0.00406408466330923 0.00429775339380104 -0.00595996082028953 0.999964745077863
1461243315.38255 -0.455393999436621 -0.320057128025126 10.8557780495057 0.00449443753416616 0.00497226420868594 -0.00487383863184028 0.999965660568842
1461243315.44252 -0.459852505056799 -0.324186196208558 10.9730714075084 0.0038825063641011 0.00455872211220566 -0.00655466826283864 0.999960589483906
1461243315.50237 -0.464273856791639 -0.329043162830196 11.1144114671337 0.00348471279237345 0.00462051162242145 -0.00489300440504715 0.999971282666154
1461243315.56266 -0.469905363855855 -0.334677557035056 11.2562400114191 0.0036718571505138 0.00436823530513893 -0.00559113324820918 0.999968087097976
1461243315.64256 -0.476547757074374 -0.339689893411313 11.4188720385511 0.00312398353594917 0.00427408742651623 -0.00393194549131679 0.999978256117697
1461243315.68265 -0.481554583087756 -0.342674129281977 11.519269546027 0.00366985031789551 0.00427022080686519 -0.00461046897475222 0.999973520143777
1461243315.74269 -0.488233273676966 -0.347622817447339 11.6565978214496 0.0034014300000806 0.00339009770506655 -0.0075397321256982 0.999960044177255
1461243315.82235 -0.49298815244687 -0.352742008922471 11.8179015144475 0.00154234086630864 0.00283798162401031 -0.00308621567480402 0.999990021109092
1461243315.88228 -0.498939363803767 -0.358545559334033 11.9597375072254 0.00440478271410367 0.00172815844566061 -0.00441093873358238 0.999979077269678
1461243315.94271 -0.504976797950592 -0.36313470224683 12.0974116037924 0.0023939774076344 0.00290742346990764 -0.00237442020998528 0.999990088895687
1461243316.00252 -0.511481916421806 -0.367346582905725 12.2350337032576 0.0020431947978987 0.00236837286752455 -0.00186927875103258 0.999993360958926
1461243316.08275 -0.518259813584559 -0.37293360655171 12.3965237904621 0.00397810997626652 0.00358746011720798 -0.00260630208301196 0.99998225582276
1461243316.14258 -0.525182114676711 -0.377274614487938 12.5325851948496 0.0029211057835388 0.00349273660609053 -0.00244762895930246 0.999986638432974
1461243316.20279 -0.529749106169031 -0.381991171713253 12.6688330529217 0.00286215895907521 0.00446040863659813 -0.00208407232593105 0.999983784590244
1461243316.26256 -0.534331331546467 -0.385803766319681 12.7990435209019 0.0025691452440466 0.00502429203107457 -0.00168107101944549 0.999982664841011
1461243316.34391 -0.54153908835725 -0.39199862958276 12.9658375105887 0.00364987649197646 0.00493937410354856 -0.00121509335982395 0.999980402074554
1461243316.4223 -0.546980662435185 -0.396597217161773 13.1383222287529 0.00169633600314589 0.00489475776202114 -0.00212851523608098 0.999984316483766
1461243316.50295 -0.553348005727626 -0.403475351089484 13.3064845034879 0.00388701584417228 0.00445206282415344 -0.00064294666574898 0.999982328275866
1461243316.60252 -0.561403012800618 -0.409313323573178 13.5077700770996 0.00122214316418182 0.00454873889664841 -0.00104996732744863 0.999988356386787
1461243316.72307 -0.571071217326865 -0.41744233811401 13.7526458385783 0.00295977908883898 0.00408212875348932 -0.00261521285446291 0.999983868167038
1461243316.78315 -0.57612114238333 -0.421345554284084 13.8788677758095 0.0031901038818324 0.00379116935765697 -0.00258801328881765 0.999984376107618
1461243316.84379 -0.581360735572275 -0.426455068876112 14.0042959112858 0.00427258774482231 0.00377619982543228 -0.00281360278901782 0.999979784269756
1461243316.90261 -0.586661745911255 -0.430465704148142 14.1307227015597 0.00270560831153636 0.00367915170179973 -0.00261573247902116 0.999986150639107
1461243317.00272 -0.594639334988131 -0.437759771821189 14.3367930617589 0.00422410126859073 0.00426753448538024 -0.0042592791457322 0.999972901462359
1461243317.06229 -0.599480958172033 -0.440568840882533 14.4695501503651 0.00273979326646439 0.0045707117968068 -0.00253921187462134 0.999982577113013
1461243317.12244 -0.602962166867439 -0.444726980323048 14.5784880290084 0.0034868520153731 0.00542251769024357 -0.00200839164376051 0.999977202004089
1461243317.18279 -0.607401048527705 -0.448478685807826 14.7059534022239 0.00302149680757032 0.00513329809418101 -0.00401151054595525 0.999974213462956
1461243317.22261 -0.609958894522718 -0.451674017852944 14.7967393815987 0.00277447503785279 0.00508768054599422 -0.00406819373987708 0.999974933483145
1461243317.28226 -0.614891527238653 -0.454702319626428 14.9044453643628 0.00254623264642889 0.00519052390101355 -0.00323923976806141 0.999978041002235
1461243317.34235 -0.620925984551077 -0.458975563928201 15.037449698368 0.00269114863681147 0.00499678736442942 -0.00433085127552395 0.999974516456434
1461243317.42233 -0.627837812497773 -0.464215077508449 15.2079259046276 0.00193379083172138 0.00470839131113292 -0.00443224547005442 0.999977223092793
1461243317.4822 -0.632211606145655 -0.469244648741935 15.335347542268 0.00243890559193042 0.00465227368058051 -0.00201159920273944 0.999984180653755
1461243317.58221 -0.641330123684692 -0.475961993853888 15.5313411022706 0.00294191014172579 0.0042309916268125 -0.00350551362593375 0.999980577435777
1461243317.68295 -0.651697603080515 -0.482109277063227 15.7427647113666 0.00427570149651344 0.00407303761995832 -0.00933827870695082 0.999938960783132
1461243317.74223 -0.656729225511289 -0.486660193066411 15.8731474668321 0.00361681261402088 0.00327855867066332 -0.0113067370466974 0.999924160832668
1461243317.80224 -0.662843415628742 -0.4914801653485 15.9845628378695 0.00445455001427056 0.00299045272914037 -0.00908772187293186 0.999944312193337
1461243317.88221 -0.670239151679944 -0.495479443160627 16.157816159989 0.00220353345686894 0.00307714097892069 -0.0111585909956324 0.999930578335663
1461243317.92256 -0.674949158709836 -0.498355576875285 16.2494697550434 0.00338164932700714 0.00224491046522871 -0.0132421623512537 0.999904080380261
1461243317.98225 -0.680053545477547 -0.502941309840525 16.3884148837783 0.00431431717392015 0.00197950767670394 -0.015117425277662 0.999874457954425
1461243318.0423 -0.685330280925893 -0.506518960855048 16.5112205391531 0.00529398336673854 0.000974504409830803 -0.0160566685538535 0.999856593455391
1461243318.1022 -0.693371376953147 -0.512816806074378 16.6427529124638 0.00785172979879499 0.000582509902770162 -0.0190361751584376 0.99978779501288
1461243318.1423 -0.696387764779404 -0.514743145631662 16.7255755668836 0.00840812869649075 0.000483865849323609 -0.0159619866171925 0.999837128850942
1461243318.18224 -0.701018752855186 -0.516646708098605 16.8158127862321 0.00387642228925097 0.00152755002372169 -0.0151242478842907 0.999876940961784
1461243318.26217 -0.70926277923037 -0.525497640665147 16.9848422112817 0.0103451228616881 0.000581466341030618 -0.00962204748082491 0.9999000232684
1461243318.34225 -0.718289068458543 -0.531132193350276 17.1290270302248 0.00975245974461096 0.000305342555577013 -0.0123970187303978 0.999875547366497
1461243318.40232 -0.724262984523803 -0.536760289427321 17.2634148223986 0.00985164420612235 0.000340951624089589 -0.0138286521265988 0.999855788220875
1461243318.52265 -0.735739676430804 -0.548790440329677 17.5139912081792 0.0103006216660289 0.00214968303776017 -0.011030559837876 0.999883794651055
1461243318.62407 -0.743475461042674 -0.557487264125963 17.714848286025 0.00848233294975107 0.00389887025286044 -0.00803206229568217 0.99992416453137
1461243318.68388 -0.747827566791607 -0.56254309374862 17.8226942794651 0.00948126975941737 0.00412064987637155 -0.00764698963598228 0.999917321241038
1461243318.76595 -0.754004519521537 -0.570903483589979 17.9837589445947 0.00961856616404481 0.00395173451179248 -0.0074826871337054 0.999917934818931
1461243318.82337 -0.756850941682565 -0.575242779630098 18.0693507708555 0.0104782516697732 0.00395858376697662 -0.00897905662051835 0.999896950889796
1461243318.90275 -0.765608325216165 -0.58520504584013 18.262956490188 0.0105183758183651 0.00296238117086095 -0.0113179094883648 0.999876238837965
1461243319.00231 -0.774887664944228 -0.593254181693332 18.449323369618 0.00932850810244379 0.00358998244501876 -0.0125028345146743 0.999871876838091
1461243319.06212 -0.780133109187137 -0.599678890875796 18.5683665807535 0.00868666704808465 0.00457804847540093 -0.0103836718773786 0.999897876108403
1461243319.30233 -0.793923567963066 -0.621038670366865 19.0059988587102 0.00923663850508577 0.00914675083889473 -0.011920959998552 0.999844443986629
1461243319.38252 -0.797903734017346 -0.627735828150444 19.1518664967801 0.00992959305654457 0.00992853890976603 -0.0106341889164281 0.999844858627047
1461243319.52457 -0.806371512074277 -0.640997327097646 19.4153470010648 0.0100544001488789 0.00730327451672743 -0.00633874421829571 0.99990269103584
1461243319.64242 -0.817499995632421 -0.650761891782051 19.6280274756591 0.0111619746861126 0.00504440563351248 -0.00914623437929694 0.999883148517661
1461243319.70207 -0.823040058321643 -0.656388851280288 19.7453552092533 0.0103888453538863 0.00444640288328983 -0.00694757064308663 0.999912012456982
1461243319.80215 -0.832568589193469 -0.662950674203416 19.9276175646793 0.0113764543414214 0.00165082418512567 -0.00665441671344201 0.999911781010871
1461243319.86238 -0.836771942967581 -0.672397127457398 20.0429980432539 0.0135702370239998 0.000241124240679152 -0.00581742905506926 0.999890968078721
1461243319.94223 -0.844522661077434 -0.675367767940407 20.1950557096214 0.00485444725261104 -8.87796231226306e-05 -0.00546317001178602 0.999973289760018
1461243320.08303 -0.855301649481436 -0.688817690387079 20.4654307759023 0.0115824903118668 0.00211830756007053 -0.0132585638425985 0.999842772227758
1461243320.20224 -0.863225253684102 -0.698133798311893 20.684649861359 0.00868014041626604 0.00735918204580998 -0.0090978415566273 0.999893857807408
1461243320.26241 -0.863384355219691 -0.702313101297116 20.8031803142854 0.00643854626556904 0.00905338371915196 -0.00347092240809708 0.999932264737396
1461243320.34237 -0.866516253081122 -0.71234892867725 20.9576811098221 0.0122313374899848 0.0133000615651087 -0.0025415062651865 0.999833507885925
1461243320.48244 -0.87000790683052 -0.725732304266797 21.236123466956 0.0104581952497646 0.0233106503695486 -0.00947547439780666 0.999628658610988
1461243320.56201 -0.864926075208584 -0.73264171713136 21.399397023504 0.00849784032870744 0.0295263089268205 -0.00678041218748581 0.999504882329983
1461243320.62301 -0.861604074538135 -0.739990593230073 21.5241538944575 0.0118804135691658 0.0324450380330834 -0.00766447840429611 0.999373519286582
1461243320.7023 -0.856487546528829 -0.746115534032874 21.6652334632771 0.00986657349084426 0.0372057540366207 -0.0108446822994185 0.999200067784196
1461243320.7823 -0.849003216200044 -0.752523016221208 21.8245410615697 0.00808727876780132 0.0423883845259904 -0.00606556835770798 0.99905006364041
1461243320.94377 -0.833469999731031 -0.767330093992642 22.1392457481721 0.00802676432275588 0.0459389417298908 -0.00304989014576121 0.99890734448063
1461243320.98228 -0.830136375196027 -0.770938745975485 22.2234147675696 0.00860492755427747 0.0461154696182979 -0.00384202500845148 0.998891664560028
1461243321.0266 -0.827358228700506 -0.773805982092596 22.2912576411019 0.00742695929628891 0.0455149133902569 -0.0017703631579988 0.998934481709875
1461243321.10269 -0.821234886509776 -0.782728997568888 22.4626773885841 0.00794165203725786 0.0416489501677537 -7.27344162429115e-05 0.99910074057752
1461243321.16251 -0.820803368726104 -0.787116422053205 22.5587448855038 0.00753380507190118 0.0382796519008103 0.00407834867793897 0.999230342365339
1461243321.22417 -0.819287071049238 -0.791481701790687 22.6771081072785 0.00638143305345948 0.0318320706182594 0.00410122526004425 0.9994644448622
1461243321.28255 -0.822373466592517 -0.796236103863431 22.7890973036877 0.00755021938925084 0.0264523098695369 0.00274977176566749 0.999617781076836
1461243321.3421 -0.82488555959002 -0.800467269702946 22.8875021883022 0.00801330536310899 0.0228669952469265 0.00248003932920858 0.999703324427032
1461243321.40204 -0.827298038833981 -0.805830956629919 22.9995080809116 0.00854962353116554 0.0192418175031857 0.00338819732400935 0.999772562393839
1461243321.46248 -0.829750398691989 -0.810934100143712 23.1122076043934 0.00833376619680077 0.0165226468183313 0.00227487048550955 0.999826172615704
1461243321.56198 -0.831529671568886 -0.818727016092458 23.2828016279522 0.00768495760982072 0.0143596874988322 0.00386721886606541 0.999859882893455
1461243321.62382 -0.833281583093902 -0.823658739924062 23.3883183576444 0.0085376602847437 0.0123747366622146 0.00169047397925688 0.99988555172436
1461243321.66216 -0.835603751439913 -0.826899187275719 23.4578290234201 0.00901048901233895 0.0120175880251395 0.00100668751947817 0.999886681202452
1461243321.72464 -0.838668381567428 -0.830434304440463 23.5408984530181 0.00867447242294196 0.0109095858389792 0.000413252756746272 0.999902777117438
1461243321.78243 -0.84157969838839 -0.834349160157672 23.6370717611757 0.00703967359265267 0.0105542683691688 -0.00220984509556303 0.999917080061919
