1461243310.02414 -8.10261944306483e-06 4.7704099424694e-06 5.86518797329889e-05 -7.10099719443285e-06 9.65889276286781e-06 -5.02256183906024e-05 0.999999998666834
1461243310.16334 -0.0124206670042477 -0.00728923776415962 0.264994413921017 0.000651199392803632 -0.00133404956038768 0.00192270386083734 0.99999704972614
1461243310.24274 -0.0220038936975085 -0.011226536926833 0.424762257236268 5.60012984796694e-05 -0.0027573831997354 0.00036234073167531 0.999996131197985
1461243310.32438 -0.0314383517729001 -0.0153818279902347 0.577944380555216 0.00162612961913471 -0.00354018592394983 0.00019657011509 0.999992392044197
1461243310.40312 -0.0406133743760564 -0.0201271297008312 0.738627896393705 0.00108032162738221 -0.00362805684406916 -0.000369478644501999 0.999992766770965
1461243310.48265 -0.0487935434305658 -0.0239800653439707 0.903613566126543 -6.74613035283965e-05 -0.00244735783509132 0.00184130780012815 0.999995307726084
1461243310.56275 -0.0561099117695304 -0.0288054594616566 1.0735770083624 0.000287163528864639 -0.00103949582968521 0.00096459898205699 0.999998953266618
1461243310.6226 -0.0621896454064706 -0.0317936129729518 1.1843050757225 0.000588942212084026 -0.000162826249460912 -0.00248379370307305 0.999996728696411
1461243310.68266 -0.0681175091397691 -0.035392870094679 1.31892660880381 0.00138758542666902 0.00128973622329743 -0.00243896028807105 0.999995231318565
1461243310.72487 -0.0722311439591915 -0.038171278286666 1.41650631288478 0.00075067567965377 0.00238077197429676 -0.00359180012693589 0.999990433645582
1461243310.80263 -0.0792854738772941 -0.0429788747048366 1.59015868810642 0.0011183201968277 0.00431276289790549 -0.00187854591498497 0.999988310182359
1461243310.86264 -0.0838816594065947 -0.046637833332202 1.72856902853814 -3.18927094556594e-05 0.00474504041481183 -0.000788536996640668 0.999988430824938
1461243310.94253 -0.0894807298853714 -0.0503715160493111 1.90485041650283 -0.00111937261932744 0.00599817854747948 0.00196434848196081 0.999979454885996
1461243311.02445 -0.0945185630885882 -0.0548366747981877 2.06444567444986 -0.000794253501943967 0.00687279637312893 0.000851754283612598 0.999975703877864
1461243311.12466 -0.104172737323826 -0.0622245356711746 2.30171197201725 0.00140228742592818 0.00720855202681809 -0.000137738537781906 0.999973025334057
1461243311.20288 -0.111216711482385 -0.0682299449054542 2.48014700581352 0.00207768024017381 0.00666371477083858 0.000766665246372513 0.999975344883399
1461243311.28295 -0.117345934725352 -0.0723835217321628 2.6624926332237 0.000167419721041939 0.00592916512326203 0.00140451073965877 0.999981421988009
1461243311.36308 -0.123995797579327 -0.0776279352108749 2.84517921558585 2.81252117402455e-05 0.00577091853262165 0.00167498736847382 0.999981944899796
1461243311.44291 -0.131638112644504 -0.0820191038514511 3.02647967627951 -0.000632326321954992 0.00549303550407699 -0.000823837412602112 0.999984373886058
1461243311.52289 -0.139016067397672 -0.0866491053818468 3.21045615510562 -0.000935927772701901 0.00632949388386739 -0.000391491019936827 0.999979453929509
1461243311.5827 -0.145221990655453 -0.0901277744624988 3.35030527824677 0.000143839279400812 0.00624602394040045 -0.0013390634654908 0.999979586493761
1461243311.64273 -0.149440868312756 -0.0937734498558956 3.46864039293454 -0.000494604543432534 0.00619594624137582 -0.000728289421412715 0.99998041741378
1461243311.74253 -0.159736075760291 -0.100090939126674 3.70920793322855 0.00041855651797802 0.00612328832591672 -0.00142187344114041 0.999980154016287
1461243311.82322 -0.16684030592546 -0.106926445755811 3.88890564492399 0.00280747343399305 0.0070993164730393 -0.0016196337004143 0.999969546828907
1461243311.92249 -0.172909674077075 -0.111375676090864 4.09809293333284 -0.00351051272819983 0.00765439311625512 -0.00165025206785002 0.999963180939438
1461243312.06317 -0.184331239971399 -0.12060419575559 4.3988451510809 0.000520904781915827 0.00802182145196229 -0.00257477882007575 0.999964374141813
1461243312.12443 -0.187315157357359 -0.124984188649406 4.53744923529931 0.000196524864395384 0.00788739247482904 -0.00206837725619636 0.999966735563465
1461243312.16339 -0.190904906579014 -0.127815721160255 4.63083073708297 0.000967328465778086 0.00818646711573013 -0.00256889736880906 0.999962722704257
1461243312.22536 -0.195074452999625 -0.131819328407556 4.76813002092108 0.000493353160753008 0.00791005220901706 -0.000877418693880244 0.99996820840122
1461243312.38249 -0.207194032690318 -0.140058538630362 5.08806782126747 -0.000924583529422824 0.00760445673848507 0.000250276995055622 0.999970626940829
1461243312.46277 -0.212865812001213 -0.145680515836743 5.25986610322978 0.000123294743859345 0.00691822599362903 0.00151045681700098 0.999974920419363
1461243312.52426 -0.215986888030832 -0.148943411015444 5.3905961981439 0.000116528389122784 0.00585186470283855 0.0017613242245155 0.999981319744329
1461243312.60278 -0.222911403341963 -0.154142562546949 5.56503940022437 -0.000191020897812526 0.00505527424207982 0.00161792681317408 0.999985894913614
1461243312.68246 -0.230797122096232 -0.159751574325594 5.7438300471904 3.4142051754943e-05 0.00456349868015872 0.000851458119941822 0.999989224108533
1461243312.76253 -0.239974577133807 -0.163771440036093 5.9241519295446 0.000198218580774464 0.00462129510418684 -0.00119870523481919 0.999988583658191
1461243312.88271 -0.248843921413469 -0.17231064242599 6.18644554473854 0.000836373689210317 0.00576351070453405 -0.00124731153099291 0.99998226316138
1461243312.94301 -0.253702277479437 -0.17569793140183 6.32645397208212 -0.00104646609588897 0.00623738620796946 -0.000662611871849648 0.999979780229336
1461243313.02263 -0.259539143764879 -0.180252885811986 6.51826439300293 -0.00166414260086958 0.00716097743825543 -9.71507315139007e-05 0.999972970431335
1461243313.12262 -0.266166846386289 -0.187648352596464 6.74768339909908 0.000462815851289252 0.00678430932429833 0.000966771880609509 0.999976411872106
1461243313.22278 -0.278273296322147 -0.191922248015481 6.97106417217124 -0.0036146576809263 0.00693032730999344 -0.00117518987028456 0.999968761383072
1461243313.30301 -0.284779132216058 -0.196357408817103 7.17464327694801 -0.000318201642104723 0.00495100464323915 -0.00236211947464994 0.999984903232206
1461243313.36253 -0.289309336126579 -0.201435422400407 7.2913311208766 0.00253583100238263 0.00502739196579344 0.000807894236130534 0.999983820968146
1461243313.4429 -0.295877257665721 -0.201294728058757 7.47620935446649 -0.00737563554385657 0.00309411968323226 0.00667697851984878 0.999945720717658
1461243313.50241 -0.301850143030815 -0.208035243023632 7.61788524414568 0.000583118254247041 0.00289908375782983 0.00969295224670913 0.999948649663176
1461243313.58244 -0.310119340194239 -0.214552758209714 7.79790732959231 0.000568769515940383 0.000471029225970846 0.00279121483033256 0.999995831867552
1461243313.66242 -0.316894180756691 -0.227528012416263 7.97670691791948 0.0151296966195055 0.00129272319612472 -0.00723916576297949 0.999858497801562
1461243313.7225 -0.326717127255693 -0.231749707773709 8.08508665276218 0.00992299572357958 0.00200888985665116 -0.00996461314976342 0.999899097410428
1461243313.76241 -0.334579853862939 -0.231706031033678 8.17692969912396 0.0023098967648952 0.00507686423953813 -0.0141728446451006 0.999884003422944
1461243313.84245 -0.341911938656178 -0.239775935064347 8.35056519362331 0.00545072511691604 0.00327135082118981 -0.0148343617669188 0.999869756303526
1461243313.92242 -0.348345089017617 -0.241563405754399 8.52650227904136 -0.00281916867954895 0.00175143727348106 -0.0161641766449334 0.999863842805022
1461243314.00239 -0.353754977194995 -0.244716107363747 8.69114106922585 -0.00208842402413825 0.00357609957965513 -0.0131112742420022 0.999905467774151
1461243314.10256 -0.363422942489715 -0.250510450803375 8.89996030407947 -0.00189412751382959 0.00257272774518208 -0.00499334506482499 0.999982429774631
1461243314.18236 -0.372360069831388 -0.257960359690821 9.06857849396979 -0.00141556455974047 0.00148767346952282 0.00135132432866089 0.999996978459027
1461243314.26258 -0.378227713562167 -0.261704591241691 9.2475313691036 0.00411208519249293 0.0012367611833243 0.000834952825401042 0.999990431969689
1461243314.38249 -0.392385115745075 -0.272236198825441 9.50276401968002 0.00381992974667446 -0.000713069087378703 -0.00293891362624163 0.999988131157518
1461243314.50231 -0.407207507276525 -0.281374393499963 9.78325931513855 0.0016641833767898 -0.001243306367119 -0.00337387969242479 0.999992150778588
1461243314.58248 -0.415734793805083 -0.289067066053887 9.96500412076796 0.00567221753873453 -0.00171475829323757 -0.00272410128071595 0.999978732186041
1461243314.66239 -0.42442068941017 -0.294614200291646 10.1307601319562 0.00610218810423492 -0.0020053768328776 -0.00272060318993805 0.99997566974521
1461243314.76276 -0.438285573534715 -0.302264778567611 10.3530026190861 0.000768662874747541 -0.00238688626445667 -0.00417953162165113 0.999988121652837
1461243314.86241 -0.451606250853442 -0.312043139685139 10.6038745743099 0.00550556424794098 -0.00187270738328239 -0.00499879093519807 0.999970596476994
1461243314.96265 -0.463235632852796 -0.317693021978025 10.8361497320861 0.00402953735218462 -0.000689355404350204 -0.0062144350864237 0.999972333824497
1461243315.0427 -0.473003773322702 -0.323527901255176 11.0288735267109 0.00366399259148605 0.00106667754626954 -0.00688798383412185 0.999968996037378
1461243315.12232 -0.480714103797183 -0.331347907988349 11.2243241941999 0.00443842908979841 0.00210421466197209 -0.00543906536742686 0.999973144237284
1461243315.2026 -0.488197884437351 -0.338033391417193 11.3968223362041 0.00423021393998492 0.00289268149143726 -0.00557742782714447 0.999971314579895
1461243315.28235 -0.495938143694564 -0.345247989024414 11.5897371390961 0.00499614376388363 0.00401850209926219 -0.00590414282719773 0.99996201492149
1461243315.34232 -0.502461417890321 -0.350466923522489 11.7375493359158 0.00438421978216179 0.00484421341632424 -0.00500053160227406 0.999966152875673
1461243315.38255 -0.506228358523884 -0.354830142324925 11.847213364359 0.00491499266805224 0.00496741794320819 -0.00413254385392247 0.999967044300634
1461243315.44252 -0.511786964086607 -0.359314335532452 11.9756590955051 0.00416573409400929 0.0046401174515922 -0.00548938460194705 0.999965490717648
1461243315.48234 -0.514883058892228 -0.363317887167433 12.0846330977629 0.00382605101596883 0.00481080999332668 -0.00416400841126159 0.999972438857583
1461243315.52242 -0.518261560802108 -0.366186043007342 12.1711172871038 0.00423010101075131 0.00490875897383708 -0.00505862530443084 0.999966209749512
1461243315.58266 -0.523670010799435 -0.372417439702528 12.323853806594 0.0041963612187255 0.00468360620263576 -0.00608322770504703 0.999961723630534
1461243315.64256 -0.528313545521085 -0.376205694265215 12.4543126041551 0.00395061971548599 0.00415624809339218 -0.00474067406457268 0.999972321724488
1461243315.72268 -0.53727708228046 -0.384467835263543 12.6578303129987 0.00523501002501604 0.00367260266806175 -0.00585144853038839 0.999962432899245
1461243315.76227 -0.543072391589097 -0.388103200499421 12.7701004655608 0.00320907418490626 0.00319173251778378 -0.00599328388744984 0.999971797219629
1461243315.84254 -0.551142579258396 -0.394398934699384 12.969702484513 0.0034273876291438 0.00301825958092594 -0.00701647727599021 0.999964955470829
1461243315.9223 -0.560143612077616 -0.401078160698933 13.1592863979256 0.00427571673216517 0.00257834168723764 -0.00318904237880453 0.999982450050638
1461243315.98271 -0.564447828723042 -0.404830521547889 13.2904922182712 0.002417401742045 0.00247395692621708 -0.00536403819538289 0.999979631192648
1461243316.04261 -0.571104481724768 -0.411238582710338 13.445207656058 0.00410716935906412 0.00323209177135428 -0.00302653507105122 0.999981762247743
1461243316.10266 -0.577759201957693 -0.417382929365913 13.5939379527783 0.00473463124371163 0.00355994077070987 -0.00415631323817918 0.999973817231712
1461243316.18247 -0.584200918376302 -0.423343769132244 13.7784221256346 0.00342098731754101 0.00437572552934505 -0.00368697027817028 0.999977777814104
1461243316.26256 -0.591442306649107 -0.430000311340985 13.9651507422491 0.00313403257845891 0.0052154777873215 -0.00371150902035333 0.999974600343448
1461243316.34391 -0.597907062461625 -0.436975487411841 14.1522251066285 0.00424950987163522 0.00494748816760335 -0.00308740851460763 0.999973965628779
1461243316.40264 -0.603212310206732 -0.440997406005371 14.2710223900857 0.00334774292940982 0.00546624857687305 -0.00308923269354824 0.999974684372129
1461243316.46264 -0.609007877955578 -0.446227690342513 14.4191764848352 0.00297619961541971 0.00513204967892652 -0.00406064912398898 0.999974157381397
1461243316.54239 -0.616940455728582 -0.453492151506048 14.6024887290076 0.00329097223935734 0.00545974245512722 -0.00314799827762015 0.999974725091033
1461243316.6438 -0.626097777760473 -0.461626908702764 14.8498380496035 0.00300980468422831 0.00490547223728155 -0.00185069656962102 0.99998172600308
1461243316.72307 -0.631657308341705 -0.467358678313329 15.0021542555028 0.00333128025121087 0.00424895825256397 -0.00395670670782962 0.999977596447883
1461243316.80294 -0.638513243056507 -0.474463734306542 15.1857663908198 0.00407535210422941 0.0040745058828661 -0.00420400138988423 0.999974557816023
1461243316.86306 -0.644109697951595 -0.479262018560068 15.32367688158 0.00481739605392924 0.00379442531545423 -0.00551411538022744 0.999965994203482
1461243316.96262 -0.655308637238197 -0.48673044474186 15.5402907385841 0.0040904005358917 0.00424002216496944 -0.00551393733998 0.999967443135279
1461243317.04232 -0.661760488516265 -0.490799308975521 15.7182839725595 0.00351014888883572 0.00545696905701328 -0.00621423569739189 0.999959640994669
1461243317.12244 -0.667606634400985 -0.498051439995183 15.9009822801539 0.00415922559724056 0.0054782188885188 -0.00378988104749344 0.99996916290548
1461243317.18279 -0.672476459577399 -0.501981454315912 16.0385514486831 0.0036963407592722 0.00495047018784311 -0.00564259293671773 0.999964994914753
1461243317.24241 -0.677335853335929 -0.507015524845142 16.1783380751671 0.00359685881007572 0.00488977277389232 -0.00594504476568746 0.999963903934364
1461243317.30259 -0.683574185278021 -0.511674012849305 16.3182299951583 0.00284396387189216 0.00514696213657643 -0.00499818187562962 0.999970218970644
1461243317.36221 -0.688847040766234 -0.516477138818553 16.4372374346386 0.00361475492888871 0.00483046911758489 -0.00575776219682643 0.999965223539996
1461243317.42233 -0.694250145886718 -0.52050201579917 16.5773577786357 0.00250799110770234 0.00449230790363793 -0.00611673485220238 0.999968056842343
1461243317.4822 -0.699669726517217 -0.525679404860009 16.7201363215479 0.00332776164253142 0.00464151213982792 -0.00450895809903884 0.999973525481734
1461243317.54241 -0.705237348571114 -0.530585453345516 16.8575695486815 0.00560693765567086 0.00452376340228583 -0.00551054871114493 0.999958864987809
1461243317.62224 -0.712363052975339 -0.535006467372935 17.0192814553036 0.00324225342082917 0.00435232161612422 -0.00741209723536572 0.999957802061606
1461243317.70224 -0.721509951856326 -0.542197150539476 17.2009489095074 0.00459889222328259 0.00355419971638911 -0.0114566304223433 0.999917478332118
1461243317.76221 -0.727177055382408 -0.547246463093477 17.3487041909444 0.00456318594695709 0.0032463791559663 -0.0152959886625969 0.999867326742515
1461243317.84266 -0.736428959783877 -0.553539134798852 17.5256935322303 0.00459019343626134 0.00297787440171405 -0.0121701002639995 0.999910971560883
1461243317.90286 -0.742792871278842 -0.557674767074193 17.6727375487178 0.00334166201257118 0.00202483828965874 -0.0153947474140669 0.999873859582773
1461243317.96258 -0.750010234788426 -0.561872253465186 17.7935370420045 0.00529261809625816 0.00174294758372262 -0.016496177745569 0.99984840173258
1461243318.00264 -0.755998873575437 -0.566438797431608 17.9031754921671 0.00517036902202885 0.00091123960094752 -0.0175805262152058 0.999831666844256
1461243318.0423 -0.761240558678857 -0.569568126721079 17.9886443219878 0.00618670321812435 0.00104885663410148 -0.0196542621651888 0.999787144637194
1461243318.06266 -0.763769192991287 -0.572288903655998 18.0538518296647 0.00699416218498748 0.0011789107708834 -0.0220471511145221 0.999731771522971
1461243318.12226 -0.769394890861102 -0.578235695238936 18.1784922858764 0.00900598618881572 6.08808098013443e-05 -0.0214978176287088 0.999728329269255
1461243318.20223 -0.779492634261348 -0.583528820556215 18.3619188554828 0.00253103747644934 0.000907508771103538 -0.0174240461824327 0.999844574367314
1461243318.28221 -0.789195908339664 -0.592994216456641 18.5498233706297 0.0139332786862774 0.000449143552042539 -0.0133559780579158 0.999813622564344
1461243318.34225 -0.795877666707149 -0.598774723181961 18.6540116595393 0.010305783254546 0.00015908354184327 -0.0154263597937792 0.999827881661364
1461243318.38234 -0.802088171968865 -0.60430301914956 18.7652296679218 0.00981065417272383 -0.000139861168073048 -0.0173816119949934 0.999800785690836
1461243318.44269 -0.807386148037996 -0.609423652245643 18.90134028967 0.00956867355632299 0.00106086460269494 -0.0151840528276026 0.999838366733542
1461243318.50269 -0.81357326634251 -0.615880348479365 19.0199606658356 0.00926409525541705 0.00197051498593015 -0.0163201651307015 0.999821957060304
1461243318.54258 -0.817465014277924 -0.620239903469754 19.1188427126779 0.0115914915489818 0.00246379307306471 -0.0143964759577483 0.999826139149883
1461243318.62407 -0.825099281430723 -0.628076713193192 19.2949470325672 0.00925975630616598 0.00400126611403716 -0.0110944659877494 0.99988757348368
1461243318.70284 -0.832950553835317 -0.637499697566724 19.470980566932 0.0105000579443968 0.00412746876070201 -0.0100706659446251 0.999885640697088
1461243318.8044 -0.839539217358329 -0.644934377965225 19.6309654615352 0.0107040060070827 0.00346427930518522 -0.00897212225037263 0.999896456662699
1461243318.92261 -0.855787178219815 -0.660097135237287 19.9334584448019 0.0107361564541582 0.00352915713781921 -0.0127610210777346 0.999854707612832
1461243319.00231 -0.862553303448118 -0.667878308134882 20.0990179847381 0.0096470212445638 0.00380660560973848 -0.0144892773992955 0.999841240185303
1461243319.1022 -0.870564804394653 -0.675793176156632 20.2960596061057 0.00855204207479525 0.0063344937310486 -0.00902356751339353 0.999902651259038
1461243319.24225 -0.880033114323145 -0.692318872435835 20.5868278746409 0.0121650128487394 0.00905657716365992 -0.0141941758476113 0.999784234844937
1461243319.32247 -0.883900950543031 -0.699325028300098 20.7518143275854 0.0104990950471298 0.00949001068300115 -0.0133731408684371 0.999810415930811
1461243319.44246 -0.892547582605272 -0.711443080305658 20.9818572108301 0.0112526776347862 0.00981122964146516 -0.0111441614955405 0.999826447281493
1461243319.62482 -0.907043457924802 -0.728019785221827 21.33906444983 0.011250119338053 0.00602685658319691 -0.0124948756166765 0.999840482226004
1461243319.70207 -0.914037555071865 -0.735395930802107 21.4991367368382 0.0113219585185318 0.00524955207748465 -0.0109384136257732 0.999862293801322
1461243319.78222 -0.919649273167978 -0.742591821187168 21.6627517868762 0.00961239669603629 0.00245120390006523 -0.00916113720502314 0.99990882934111
1461243319.90209 -0.933192095845151 -0.754481600621127 21.8954644887777 0.0101040054619063 0.000352864792105212 -0.00964647557638861 0.999902360267751
1461243320.02372 -0.945721842072362 -0.769180590776311 22.1565689889952 0.0132323350554923 0.00132757528831676 -0.0112039381435174 0.999848795880112
1461243320.10293 -0.955408881679629 -0.776615032708491 22.323161122849 0.0124727976267454 0.00325197285036642 -0.0167955219177144 0.999775857097707
1461243320.14206 -0.958468764410234 -0.779721066095576 22.4006987296594 0.0129629616231933 0.00465715914859727 -0.017873776826743 0.999745367879526
1461243320.18213 -0.959979787907599 -0.783234703267019 22.4973347759652 0.0110159687178284 0.00676064923930116 -0.013785444982744 0.999821435838269
1461243320.22235 -0.959741149846104 -0.785279129295718 22.5748364107737 0.00751339745972803 0.00878049602805476 -0.0108955748969734 0.999873861142383
1461243320.3024 -0.962157243674245 -0.794840394041187 22.7501602694052 0.00901119762533773 0.0113869405152584 -0.00459590999516872 0.999884000029191
1461243320.38209 -0.964717098341657 -0.805619753395239 22.9238311966102 0.0144130968630392 0.0159027019894116 -0.00939215523772337 0.999725539399811
1461243320.46233 -0.96509990182562 -0.814107675634979 23.1138540746609 0.0111272751970044 0.0220569690900268 -0.0122827443896462 0.999619331571529
1461243320.52208 -0.962913793357535 -0.819767863247257 23.2288010093286 0.00991971424139051 0.0275688054624915 -0.00703823989473762 0.999545908607466
1461243320.62301 -0.957236429306697 -0.832371855171339 23.4559879583901 0.0123536875983298 0.0330923915506097 -0.00924564394262525 0.999333176719491
1461243320.7023 -0.950283040145205 -0.839736694259496 23.6131524306265 0.0100222703525543 0.038023541010775 -0.0119130160663019 0.999155565702452
1461243320.76256 -0.944481744982382 -0.846312449386639 23.7430632741314 0.00879392478465291 0.0413061262459662 -0.00637495740857626 0.999087499040736
1461243320.84278 -0.936617935446372 -0.854845042365202 23.9108313813824 0.00908485816561521 0.0450454702683693 -0.00510057681767421 0.998930605736224
1461243320.90256 -0.930616856575515 -0.860108860871599 24.0415974982298 0.00885089045733047 0.0463029223214152 -0.00414880380840802 0.998879616645354
1461243320.96394 -0.924954957875152 -0.865289791104998 24.1542260504984 0.00884870263426009 0.046724258028397 -0.00458994864175901 0.998858086288964
1461243321.06355 -0.916143509795711 -0.874641998002806 24.3723506646836 0.00823649940447458 0.0447563278769752 -0.00170633142944609 0.998962521632109
1461243321.14378 -0.911170643693812 -0.881553721465711 24.5395298769708 0.00909267546991694 0.038903677347721 0.00146524461804394 0.999200520516194
1461243321.20393 -0.910807323950611 -0.886479389002771 24.669552394175 0.00740871095331712 0.0344303942907547 0.00298738468498311 0.999375172036877
1461243321.26206 -0.912052639400425 -0.892629913286278 24.7938114916212 0.00747723303543734 0.028253791145803 0.00102320123661664 0.999572292198645
1461243321.3025 -0.913622020091039 -0.896031545279087 24.8657427089924 0.00874353823106665 0.0259725458294829 -0.000484713853704888 0.999624300652409
1461243321.36238 -0.916562308109259 -0.901188073226064 24.9898708690313 0.00866752860981725 0.0219784972709631 -0.00132792390054694 0.999719988908706
1461243321.40204 -0.918155865018245 -0.904715302890807 25.0613990621715 0.00943812928791187 0.0196367336497786 0.000204063936619547 0.999762611205791
1461243321.48209 -0.921594388476839 -0.911633662518849 25.215062074432 0.00892920410199261 0.0164693658178598 2.70718761678021e-05 0.999824498885067
1461243321.56198 -0.922633695443148 -0.918711328174421 25.3686466029492 0.00839169958191092 0.0151965583731497 0.000656223728448994 0.999849095294963
1461243321.64199 -0.926870193307447 -0.926423193589775 25.5104126736569 0.00973970594328199 0.0130437917334302 -0.000849540210522973 0.999867129126058
1461243321.70203 -0.930998670213951 -0.931667557476874 25.6194487988241 0.00930986777421315 0.0122456813567144 -0.00303433189397355 0.999877073684607
