1461243310.02414 2.86363708639585e-06 -4.8565729286644e-06 2.77953818097228e-05 -2.2977078748428e-06 -1.41415295670973e-05 1.55991114584038e-05 0.999999999775703
1461243310.16334 -0.0122173794436465 -0.00734699897758709 0.242216075925102 0.000408524158582763 -0.00132400815549211 0.00242774550859203 0.999996093073449
1461243310.22422 -0.0188278825859073 -0.010210748310519 0.355743065507499 -0.000603788393098007 -0.00212454934161037 0.000593411218646095 0.999997384792979
1461243310.28393 -0.0243898249536314 -0.0127238797228954 0.45645598721766 0.00135184192064702 -0.00369831146818638 0.000436493858538193 0.999992152213615
1461243310.32438 -0.0300009217015056 -0.0152433891235693 0.538298146096472 0.00140863308471779 -0.00355353986531282 0.000313903255583217 0.999992644758952
1461243310.42269 -0.0412628599600643 -0.0209383409490496 0.723723463755975 0.00069788773843878 -0.00341290567427109 0.00217068977326702 0.999991576531258
1461243310.52315 -0.0502997793887391 -0.0248102327490838 0.917290528845489 -0.000627722749823439 -0.00174795679953294 0.00131404319476531 0.99999741194748
1461243310.58255 -0.0560188685160748 -0.0281410750311102 1.04378065783712 0.000704680884916296 -0.000514685452213599 -0.000980341355352516 0.99999913872691
1461243310.66266 -0.0634476784100995 -0.0326239292620682 1.20649964279879 0.00155382827059407 0.000474636157156696 -0.00187674583611139 0.999996919076899
1461243310.72487 -0.0684286662914562 -0.0363562857623224 1.3363818382888 0.000545813381934742 0.00241357775048864 -0.00345404137366101 0.99999097312345
1461243310.80263 -0.0748951365635478 -0.0406216146335172 1.5005764760782 0.000979153657129366 0.00430551522932277 -0.00150513083483495 0.999989119129751
1461243310.86264 -0.0789064106754555 -0.0442541963069497 1.63056569564673 -0.000159245948667875 0.0045947478070661 -0.000718679859462754 0.999989173157678
1461243310.94253 -0.0835045797018827 -0.0475156085846362 1.79730919069681 -0.00119350137657766 0.00593833394019529 0.00206086341913396 0.999979532083755
1461243311.04263 -0.0911156753653785 -0.0532792790274927 2.00340094255331 -0.000927646298385796 0.00650234761697785 2.0512768751409e-05 0.999978429030866
1461243311.12466 -0.0977637084627117 -0.0584815327939826 2.17188219566903 0.00128942367347281 0.00717021212900481 5.12541824251256e-05 0.999973461056654
1461243311.20288 -0.103968557380027 -0.0637287327725949 2.34081844048463 0.00203787661523626 0.0066330970484665 0.000309355445690017 0.999975876399853
1461243311.26249 -0.107487019345138 -0.0666576918714492 2.45703233751399 1.20312829534152e-05 0.00604338844275832 0.00128513062808452 0.999980912693161
1461243311.32284 -0.111963042259731 -0.0699165255764931 2.59099920501193 0.00010802769194112 0.00560900445621786 0.00111046541483522 0.999983646999085
1461243311.38297 -0.117400916326789 -0.0736420401553616 2.72356102116194 0.000170713891408632 0.00575974557262049 -0.000222219621861743 0.999983373264849
1461243311.44291 -0.123352727049961 -0.0770113594727974 2.85660993181029 -0.00068207646558942 0.0056156165032479 -0.00164083584581835 0.999982653489905
1461243311.50287 -0.128110515036503 -0.0798357899259806 2.99048558939229 -0.00122101606109613 0.00637665722737499 -0.00160835561118848 0.999977630027098
1461243311.5827 -0.13420281318542 -0.0847891017414808 3.16040334362701 0.000159718655087326 0.00608967919424421 -0.00242655981207542 0.999978500821263
1461243311.64273 -0.138634632067351 -0.0883191735692756 3.27304306051112 -0.000410110712238031 0.00608702254783407 -0.00184781791021124 0.999979682560939
1461243311.72256 -0.146582864217345 -0.0931629710085502 3.44475683101935 0.000191833042519115 0.00583853898163355 -0.00122300409938356 0.999982189303198
1461243311.82322 -0.154665367865528 -0.1001388400382 3.67389985702764 0.00281426730893735 0.00677487980586613 -0.00221524026826365 0.999970636375731
1461243311.92249 -0.158400270146615 -0.104695528534102 3.87745629318874 -0.00328917366629497 0.00691733126975083 -0.0025560485534068 0.999967398708823
1461243312.0426 -0.167176118153685 -0.113555236167777 4.12009040654684 0.00015214513449603 0.00719337353311575 -0.00269915830958061 0.999970472950822
1461243312.08302 -0.17030870562818 -0.115936286979699 4.21335420663695 0.000333224170968296 0.00760070419083998 -0.0041225469535184 0.999962560731186
1461243312.16339 -0.176891884098628 -0.121478769448369 4.37427390898144 0.000907776585502528 0.00743176944866407 -0.00233068014616273 0.999969255864694
1461243312.22536 -0.18022553693542 -0.124915664452601 4.49721179879786 0.000523177810101569 0.00745393222800763 -0.00133231656433874 0.999971194641072
1461243312.34313 -0.187612795407923 -0.130781606388061 4.72664943533231 -0.000590593460065353 0.00709733323442809 -0.00042486626208766 0.999974548950614
1461243312.425 -0.192306163684778 -0.135521590756408 4.89036740189208 -0.00070563154473072 0.00634749401155476 0.000381374148958398 0.999979532769374
1461243312.50291 -0.199069658081453 -0.140465634803062 5.05090854366855 0.000330686205933687 0.00581089618763296 0.000757091289680476 0.99998277532411
1461243312.5826 -0.205312375764247 -0.14389632283569 5.19539053157192 -0.00084999250597832 0.00515898204153213 0.00101700622398418 0.999985813957066
1461243312.64285 -0.210634275185521 -0.147475547431867 5.32086231072794 0.000218516007033624 0.00444422544835733 0.0011196362911792 0.999989473707346
1461243312.68246 -0.215361218502367 -0.149728654912884 5.40958726160435 0.000134549297654761 0.00422342292975846 0.000515397539737204 0.999990939439263
1461243312.78241 -0.223884347317261 -0.155313529065438 5.60815562602583 0.000280089231363451 0.00414608768323364 -0.00128473434754242 0.999990540437559
1461243312.86286 -0.22941288074284 -0.16001043716808 5.77422417547759 0.00120485185197965 0.0051169568115735 -0.00226364973219991 0.9999836203533
1461243312.92251 -0.23522531684865 -0.163396895127439 5.90279281613174 0.00029736986493368 0.00565665945080347 -0.00177959908938363 0.9999823732457
1461243313.00274 -0.239936167403249 -0.168030947639528 6.06727324189319 -0.00219842130629653 0.00677820621181974 0.000330261471218406 0.999974556572151
1461243313.0825 -0.246855376640524 -0.174110675582966 6.26262086050864 0.000763069998839678 0.00698849413196108 -0.000866291659006681 0.999974913791694
1461243313.16262 -0.252365830480437 -0.178512873393144 6.43850637831022 -0.0010683339205552 0.00611537657675768 6.40471720123986e-05 0.999980728179258
1461243313.24255 -0.260458936714822 -0.179610091103581 6.59923015168062 -0.00579853439965047 0.0049232842546066 -0.00239498799016148 0.999968200646146
1461243313.30301 -0.266457601405053 -0.183814715809903 6.73574251329624 -0.000249441168918498 0.00471917454787966 -0.0022431507916902 0.999986317629004
1461243313.40316 -0.276554602429958 -0.189845951521548 6.93913587630719 -0.00560223705477952 0.00354140849200105 0.00402594202500123 0.999969932126305
1461243313.48255 -0.281701438012267 -0.193612980791831 7.11237252247977 -0.00177575897952786 0.00244264377626173 0.0117564364052274 0.99992633047364
1461243313.58244 -0.292381293186017 -0.201851326731142 7.31271610772422 0.000119814062414567 7.92204400733786e-05 0.00502981849385509 0.999987340067179
1461243313.66242 -0.300229139416067 -0.213471742437584 7.48220387116853 0.0149326028460604 0.000976003857582707 -0.0049416674234699 0.999875814644893
1461243313.7225 -0.307597534003207 -0.2177782892888 7.58817340956256 0.00981254077348684 0.00171166004791355 -0.00876309010841918 0.99991199238493
1461243313.76241 -0.313370574281529 -0.218955300688421 7.6771350337247 0.00206881767514236 0.00467325452467949 -0.0127442489245152 0.999905727958853
1461243313.80243 -0.313859529826248 -0.221230288198581 7.75074832457943 0.00481559585148528 0.00279550463646985 -0.0136370887323401 0.999891506615257
1461243313.90241 -0.323089250792138 -0.228403299934375 7.95185225657503 -0.000422227758297165 0.00277882795072679 -0.0100964227678398 0.999945079534988
1461243313.96303 -0.326489872211803 -0.229999956916982 8.0847840842228 -0.00449654239193912 0.00192916458299157 -0.0172378296681166 0.999839445440548
1461243314.0424 -0.333152667690318 -0.234574350861784 8.23981227148577 -0.00305694815885481 0.00311810064310658 -0.0101889707726014 0.999938556807832
1461243314.12269 -0.339383060860262 -0.239883344790487 8.40297211700713 0.000420638944686991 0.00175471212508022 -0.000911641582643928 0.999997956476843
1461243314.20243 -0.349533380820507 -0.24225212283487 8.56358668950759 -0.00393732864287171 0.00140845877221675 0.00271596774053581 0.999987568525868
1461243314.28252 -0.353049212287782 -0.250744914995455 8.70810490628953 0.00803042561939308 -0.000361662659397954 0.00232190640619631 0.999964994494874
1461243314.36249 -0.36400169078087 -0.25553244369152 8.87072726338246 0.00368088704784557 -0.00114184205451278 -0.00184615517028189 0.999990869447492
1461243314.48291 -0.3765834426843 -0.264595281370676 9.11125266962692 0.00172854343170752 -0.00162381786048736 -0.00323591525154449 0.999991952070438
1461243314.58248 -0.387605020684052 -0.272584569858372 9.34174161448879 0.0054938795050705 -0.00268317597024912 -0.00191731433992606 0.999979470669482
1461243314.70237 -0.40177049252018 -0.281223472873972 9.58217945062291 0.00568216883956235 -0.00353889067633731 -0.004670812682646 0.999966685804554
1461243314.80232 -0.413169572097261 -0.286264373308946 9.80129903234092 0.00257115369544135 -0.00281018116417165 -0.00540277254380138 0.999978150810976
1461243314.88288 -0.424234631082054 -0.29510971843862 9.97547967767633 0.00387842599688335 -0.00261391108164241 -0.00335652536814353 0.999983429371756
1461243314.96265 -0.434556207854117 -0.299261750774969 10.1515265468945 0.00405264231623818 -0.00169881068504191 -0.00463939722381451 0.999979582854526
1461243315.0427 -0.4433437156218 -0.305632442223957 10.3258569233166 0.00376318905559704 -0.000140067692526315 -0.00581402462867661 0.999976007665579
1461243315.12232 -0.450372559729035 -0.312494347619344 10.5085684778596 0.00450923935643954 0.0011870324703241 -0.00468586084717104 0.999978149972519
1461243315.2026 -0.457001779016629 -0.317982108811628 10.6700113272993 0.00436894706890189 0.00212719725763541 -0.00507517310475994 0.999975314670964
1461243315.26239 -0.463638048586736 -0.323820520599064 10.8197921591975 0.00514372509112194 0.00297436097670718 -0.0040541107175693 0.999974129392984
1461243315.3224 -0.468757524361828 -0.3282909688609 10.9515265311576 0.00460513031962525 0.00315059456159162 -0.00554448971605847 0.999969062102641
1461243315.38255 -0.474987225294511 -0.334551272271768 11.0926371568252 0.00480979010875338 0.00401431050823063 -0.00323327959798882 0.999975148257843
1461243315.44252 -0.480633650270614 -0.337684530545091 11.2100435760243 0.00414227209578416 0.00375381836101457 -0.00452677158403046 0.999974129049659
1461243315.48234 -0.484418293477591 -0.340810100123485 11.3121206538231 0.00380998673638832 0.00369886967286308 -0.00236716016997939 0.999983099315654
1461243315.54278 -0.490098962789307 -0.34547973711319 11.4553863745539 0.00454376857065152 0.00373553154903669 -0.00402449908867429 0.999974601366609
1461243315.58266 -0.493817021667743 -0.34828289293888 11.5357168373183 0.00420369797003022 0.00366602520096058 -0.00401571342237468 0.999976381335235
1461243315.64256 -0.498962538770529 -0.351848916845828 11.6539308156673 0.00384651233295035 0.00363665923893655 -0.00302770269596885 0.999981405861548
1461243315.70233 -0.505425984327064 -0.357225230436076 11.7897119504258 0.00528760323221047 0.00323449926457203 -0.00382167177935259 0.999973486694211
1461243315.74269 -0.510304640129526 -0.359942316851303 11.8920975893238 0.00421612144162746 0.00256911404718002 -0.00737636219355369 0.999960605850946
1461243315.80266 -0.515494515014727 -0.364382550720358 12.0197080138658 0.00240713854114458 0.00169898238425043 -0.00126277057934344 0.999994862263485
1461243315.88228 -0.524105511743422 -0.372206892618328 12.202518457413 0.00534637632641947 0.00105672584516711 -0.00382550516740909 0.999977832304736
1461243315.94271 -0.529600144174346 -0.376747885565673 12.3423663869135 0.00318529157423141 0.00232815162898397 -0.00265347254015395 0.999988696291642
1461243316.00252 -0.536735331502275 -0.3820305858643 12.483409277769 0.00278892556378941 0.00194999360225507 -0.00234319854855536 0.999991464383428
1461243316.10266 -0.545829680457336 -0.390385042826042 12.7042381214512 0.00497201268767076 0.00292917421053789 -0.00346059216687244 0.999977361408813
1461243316.16279 -0.551910743884954 -0.394679521616494 12.8173093581371 0.00358574396576525 0.00339277588946221 -0.00327768979014875 0.999982443976701
1461243316.24253 -0.558461068861302 -0.400695015477798 12.9928705672616 0.00362075690293318 0.00427181359297163 -0.00241639929240846 0.999981401198311
1461243316.30224 -0.564270184845325 -0.405289318460004 13.1249951777108 0.0033558338352516 0.00414165748212109 -0.00125462707415535 0.999985005369318
1461243316.34391 -0.56848328648983 -0.409144697396334 13.2185801885535 0.00444377294694226 0.00441544602441598 -0.00158115543280793 0.999979128115132
1461243316.38352 -0.572396342826314 -0.411355096791415 13.2922511815794 0.00389969417094993 0.00471250234543696 -0.00135459505886457 0.999980374697046
1461243316.4223 -0.574599968837485 -0.413754247409793 13.3868223916681 0.00204622205703004 0.00443374580998606 -0.0016337612582984 0.999986742760891
1461243316.50295 -0.579898098619049 -0.420377280148238 13.5573493233298 0.0045487920835217 0.00399862813433014 -0.000660343172423815 0.999981441533051
1461243316.5826 -0.58741790890051 -0.425317944937289 13.7260396177469 0.0020541314977958 0.0040486502724019 -0.00228815059766436 0.999987076587295
1461243316.68375 -0.595589865919002 -0.432942206591226 13.9245708774458 0.00384473888267097 0.00421394812229355 -0.000745640121141273 0.999983452185563
1461243316.74306 -0.601151840866637 -0.437355562663017 14.0512564033784 0.00343004383160367 0.0032999967917123 -0.00148858579472684 0.999987564389088
1461243316.80294 -0.606124679101733 -0.441001633084897 14.1576001270041 0.00428158581573333 0.00369052426252535 -0.002705051011877 0.999980365183534
1461243316.88302 -0.613610674168699 -0.446087385818628 14.3171852531358 0.00456078903541469 0.00352027483210029 -0.00406317868322114 0.999975148414934
1461243316.96262 -0.620123559299462 -0.453195645500356 14.4863524923869 0.00421120428215589 0.00365549031751049 -0.00350995549630144 0.999978291445093
1461243317.02227 -0.623460671891008 -0.457119743144674 14.613679045253 0.00412449707097148 0.00388845767018787 -0.00499421946570236 0.999971462689205
1461243317.10251 -0.628773379729581 -0.463683534989488 14.7858724520845 0.00414321660218429 0.00441656246428898 -0.00360922571491954 0.999975150302209
1461243317.20241 -0.637125994250689 -0.470747384505238 14.9886882032356 0.00370673740336986 0.00437046300229554 -0.00523577446109834 0.999969872454546
1461243317.26234 -0.64381648961186 -0.475730201596292 15.1208816041768 0.00351106168011002 0.0051479090999315 -0.00414127825652165 0.999972010254377
1461243317.32246 -0.649258483736275 -0.480558363645552 15.250430237341 0.00339704240587739 0.00434531324637273 -0.00455054785237946 0.999974435108182
1461243317.38265 -0.653306915100098 -0.483315945237824 15.3557966342764 0.00419628440914386 0.00410553562657358 -0.00449978115909593 0.999972643497759
1461243317.46219 -0.660413119999172 -0.488607633713937 15.5423904482281 0.00293772556254133 0.00390667124753441 -0.00314874920821897 0.999983096390487
1461243317.52224 -0.663940445243565 -0.493717140873179 15.6539574597729 0.00652499915568343 0.00385947105715043 -0.00466978025167917 0.999960360225133
1461243317.56232 -0.66914017309787 -0.496853696790119 15.74316596969 0.00507753614755337 0.00358886169227974 -0.00538792578561276 0.999966153904297
1461243317.72215 -0.684618800951217 -0.508757392820781 16.0811895000891 0.00488483555808889 0.00249358400012391 -0.0115389722860997 0.99991838293882
1461243317.80224 -0.691990230971704 -0.515010288593454 16.2283297422818 0.00558426134099258 0.00220521160599801 -0.0107979283151102 0.999923675992898
1461243317.86269 -0.697925858664097 -0.51916787776883 16.3593507285783 0.00349992721127834 0.00248520810899882 -0.0101765843056975 0.999939003830754
1461243317.92256 -0.704664904181098 -0.523014434772926 16.4909019731565 0.0043576602969758 0.00131849453727283 -0.013389013952544 0.999899998336969
1461243317.98225 -0.711313341695993 -0.528307332397108 16.6262183701856 0.00523546858777915 0.00103450781952884 -0.0156792272505454 0.999862831339911
1461243318.0423 -0.717205386519659 -0.532261317098062 16.7385109382794 0.006261953019806 0.00042827756234424 -0.0175939403571828 0.999825513669968
1461243318.08234 -0.722142724676534 -0.536668998304804 16.8335218803785 0.0083016963609429 0.000305566766859224 -0.021748602087041 0.999728956654623
1461243318.1423 -0.728385757531309 -0.541499930470773 16.941797548992 0.00937477345509953 7.37264619459317e-05 -0.018075518613486 0.999792670414186
1461243318.22216 -0.735920079429514 -0.546963565997376 17.1100265375048 0.00387023432561768 0.000335732614741144 -0.016101116070911 0.999862821906659
1461243318.28221 -0.739889067927246 -0.554564206851952 17.2372830560547 0.0141099476827734 -0.000146657974063853 -0.0120997335508671 0.999827227232698
1461243318.34225 -0.747160947974496 -0.559534278792002 17.3453829076762 0.0104174610840083 -0.000749882153322407 -0.0142699952435272 0.999843628482509
1461243318.38234 -0.752058678555875 -0.564204924330375 17.4380915039516 0.00998255691667046 -0.00087748460254402 -0.0166200974911958 0.999811657732376
1461243318.44269 -0.757439027718621 -0.56959937140828 17.5636437297232 0.00949672942086581 0.00011880294504838 -0.0134820983527029 0.999864006272941
1461243318.62407 -0.775057265511367 -0.587398379782865 17.9223560646316 0.00927056271230184 0.00309855586694677 -0.00976652738897494 0.999904530723457
1461243318.70284 -0.782635663880995 -0.595214886055101 18.0842539865354 0.0106682817766701 0.00331605070639576 -0.00936809765228851 0.999893709510178
1461243318.82337 -0.791049392357557 -0.604209771462316 18.2763415372925 0.0110514468274685 0.00346219515747026 -0.0102554409456548 0.999880345170722
1461243318.86344 -0.795557157579759 -0.609533623420416 18.3834031677054 0.0114598333391202 0.00261439201616842 -0.0110073300878046 0.999870329522065
1461243318.96233 -0.803886607751867 -0.61863784935572 18.5742472296452 0.0105604709448489 0.00255416791079397 -0.0133725081137865 0.999851553335021
1461243319.04213 -0.810951981390477 -0.62684206715738 18.7251869638615 0.00999732619850686 0.00335689773748726 -0.0133071046064892 0.999855842446026
1461243319.20264 -0.819668096321729 -0.642449531905999 19.0247248389671 0.0128824037551744 0.00627920438953966 -0.0131245737472669 0.999811162585053
1461243319.34266 -0.828478590748681 -0.653761243078056 19.2820886203475 0.010954156127712 0.00903400879258479 -0.0123836972311021 0.999822502843157
1461243319.44246 -0.833451423709672 -0.662098257847786 19.4590559737944 0.011462194819155 0.00850971964008321 -0.0104457160382461 0.999843532647996
1461243319.54253 -0.841783685596776 -0.67048783213605 19.6364243852586 0.0103538990321139 0.00654941526591928 -0.0075695935822243 0.999896296216516
1461243319.66221 -0.851244828019218 -0.681545733852422 19.8558783839005 0.0124919839499248 0.00359525212638883 -0.0092931476377129 0.99987232280233
1461243319.74239 -0.858781117519409 -0.687900203474671 20.004762033638 0.00899907405407311 0.00277198953557277 -0.009613909159542 0.999909448645654
1461243319.84204 -0.868575604554046 -0.70099883256728 20.2038253439527 0.0155671263638055 0.000405437985193158 -0.00828292464367078 0.99984443457778
1461243319.92255 -0.876723694555992 -0.705418459920452 20.3517091359126 0.00681841527774461 0.000106945284600694 -0.00863844696057983 0.999939435670939
1461243320.00218 -0.881301213948117 -0.715077374506619 20.5074955845308 0.0117862591613134 -0.000352510997164586 -0.00820572579411827 0.999896807623252
1461243320.06296 -0.88459178118322 -0.720289835162211 20.6101656926428 0.0126711770378824 0.00107381497717636 -0.0125361470867428 0.999840553893514
1461243320.14206 -0.891895099009912 -0.728685395726664 20.7636743822735 0.0128858234540854 0.00310363231483757 -0.0160677555291057 0.999783051593005
1461243320.20224 -0.896485186340776 -0.732340972115621 20.8797578991733 0.00913802514340411 0.0063313168538248 -0.010065801882738 0.999887538954173
1461243320.26241 -0.896783299158589 -0.737345686962519 20.9962115847243 0.00709631520649458 0.0082056185169891 -0.00505931385211141 0.999928354172733
1461243320.32253 -0.901726136340629 -0.74338856200283 21.1143746082972 0.011468819915031 0.0124993756080838 -0.00426428072816151 0.999847012141876
1461243320.38209 -0.90324347030156 -0.750668191196672 21.2174869238636 0.0145453265945157 0.0149540513056539 -0.00899983540005695 0.999741873078536
1461243320.46233 -0.902768619267525 -0.759379986244497 21.3916518791096 0.0112965805895253 0.0210060863459319 -0.0119882847640061 0.999643642820695
1461243320.542 -0.899097556886124 -0.766833716585822 21.5320918195682 0.00990226209019354 0.0261537913548851 -0.00812408261993966 0.999575871900101
1461243320.6023 -0.895415368607152 -0.772970006749789 21.6572406645746 0.0110395382038769 0.0301864873094219 -0.0104245505559527 0.999428953615949
1461243320.66205 -0.891062651683921 -0.778590020930888 21.780652820854 0.0128483246034058 0.0344025758066776 -0.0123627007676478 0.999248991474338
1461243320.72408 -0.886820267021234 -0.78373963005089 21.8998509466613 0.00979208249332369 0.0386122511433602 -0.012314697177046 0.999130400606209
1461243320.80206 -0.880649830580353 -0.79038982825079 22.0516896860244 0.00887529136151697 0.0431122907601535 -0.00828815114611488 0.998996429492738
1461243320.88268 -0.873814931690189 -0.798297955570951 22.2018699550149 0.0102067794024775 0.0443187705796808 -0.00680678953827882 0.998942108354992
1461243320.94377 -0.869166249329194 -0.803099998875727 22.3028788891425 0.00917932045330698 0.0449764914583287 -0.006305439515738 0.998925971593805
1461243321.00392 -0.864468400586537 -0.807199553400226 22.4199224303313 0.00920533472836293 0.0449414787349179 -0.00646328055084996 0.998926299236425
1461243321.10269 -0.856712096847862 -0.816455485682837 22.6185096477028 0.00913817242757686 0.0408863236446383 -0.00482502338037393 0.999110365021247
1461243321.18388 -0.853974760811803 -0.82126407864594 22.7454530918601 0.0087887657589019 0.0348683190177229 -0.000228783908657745 0.999353243644727
1461243321.24255 -0.856318401819117 -0.82579100843855 22.8550025300059 0.00813239212217712 0.0300948225477041 -0.0038518848119301 0.999506542668726
1461243321.3025 -0.85904879141156 -0.831351390846192 22.9609995078287 0.00955184984724033 0.0249021077099311 -0.00371580377395037 0.999637354243234
1461243321.36238 -0.863027391899777 -0.837299670052315 23.0667689647409 0.00925466360507978 0.0210427328359537 -0.00426595976930663 0.999726640729154
1461243321.42458 -0.865969780749189 -0.84196459062617 23.1575305771868 0.0101386385580974 0.0178275214972233 -0.00156343281357301 0.999788449204776
1461243321.46248 -0.867886880590978 -0.845552285043892 23.232618311398 0.00948017888503255 0.0158523195825409 -0.00304182605943072 0.999824773381009
1461243321.52417 -0.870576882370396 -0.850489785469743 23.3358635316716 0.00854582231076594 0.0149988557165219 -5.72698071626931e-05 0.999850988882042
1461243321.58227 -0.872439787026719 -0.854855478217199 23.4235732479201 0.00818034817729943 0.0139462470641753 -0.00184974835962679 0.999867572495243
1461243321.62382 -0.873273789459394 -0.857931299303779 23.4956947463097 0.00940544896073958 0.0120941645919591 -0.00270482304784702 0.999878968998223
1461243321.66216 -0.876518592227637 -0.861813501963155 23.5645805217858 0.00974020919631726 0.0115261245942065 -0.00197649062534802 0.999884178423411
