1461243310.02414 -9.31276834432047e-06 3.75562010681421e-05 -1.70800525793963e-05 -1.5053841663476e-05 -6.45309747240481e-06 -4.25870987517364e-05 0.999999998959039
1461243310.16334 -0.00649068700629645 -0.0070032869943534 0.215084114277434 0.000804074150859278 -0.00138459163311652 0.00117449291514593 0.999998028466637
1461243310.22422 -0.00994523857404177 -0.00966087712373111 0.30959932366393 -0.00035191702480547 -0.00199917672927199 0.000865195336873139 0.999997565438957
1461243310.28393 -0.0138819871271835 -0.0128583224190765 0.402223344043253 0.000979757788181834 -0.0038958969877866 0.000438396155054221 0.99999183490174
1461243310.32438 -0.0163010531235795 -0.0149022136330775 0.466173240846929 0.00143501022088247 -0.00426096456277579 0.00106682641508351 0.999989323347035
1461243310.36285 -0.0188633740234655 -0.0170832602432002 0.530603362055852 0.000905684454021771 -0.00461237284426505 -0.000439074947052347 0.999988856420713
1461243310.42269 -0.0226221476913829 -0.0199918285492349 0.628952943606601 0.00112133681957171 -0.0041370084516737 0.000278782599867332 0.999990774979985
1461243310.48265 -0.0258220449290034 -0.0228630911676061 0.730552134475967 -0.000356317363706324 -0.00296061315843889 0.00174040996107573 0.99999403937265
1461243310.56275 -0.029534048978313 -0.0269616696012728 0.866466508339596 -0.000492542697847023 -0.00151542706633946 0.00232414744684634 0.999996029602689
1461243310.6226 -0.03175106380203 -0.0305374152756302 0.975601621158099 0.00048310642716651 -0.000736836394957951 -0.00126153218403247 0.999998816107727
1461243310.70302 -0.0361823579433384 -0.0346054111563531 1.11421230960685 0.00100051549448927 0.00157273039368397 -0.00160056979739441 0.999996981827534
1461243310.76256 -0.0385039652701007 -0.0379614627183275 1.22808507839621 0.000718604701302128 0.00266601383967194 -0.00224987944400271 0.999993656989872
1461243310.8246 -0.0399683481277776 -0.0416909858719154 1.34133735104796 0.000857512092128773 0.00413472291901066 -0.000880231276115306 0.999990696922874
1461243310.88279 -0.040887793053699 -0.0451244410717263 1.45297725897385 -7.54170307415272e-05 0.00489351763425315 0.000107378282360713 0.999988018061886
1461243310.96254 -0.0424345012778014 -0.049295629162866 1.5966993411565 -0.00117614443197707 0.0068102212156373 0.00229290664602433 0.999973489723794
1461243311.04263 -0.0452338363775523 -0.0530501918718122 1.74098327026022 -0.000690073155600896 0.00722388817508827 0.00126590739209086 0.999972867990501
1461243311.10263 -0.0467722713163529 -0.0566425704672098 1.85150525186749 0.000167942933178217 0.00718746413215551 0.000214854683380596 0.999974132661433
1461243311.16277 -0.0484094457302035 -0.0615839969006768 1.96212368312448 0.00220869978232606 0.00731501660413716 0.000494540812108582 0.999970683373637
1461243311.22419 -0.0505451237457881 -0.0651152731392249 2.07629345637773 0.00159108999166196 0.00669492899153751 0.00149354456530147 0.999975207534201
1461243311.28295 -0.0525004540424634 -0.0681369283175873 2.18679245761082 0.000166083413836428 0.00634545343812089 0.00161765045867956 0.999978545191824
1461243311.34288 -0.0542587154185392 -0.0718562655399382 2.30207078124968 -0.000124500925919041 0.00575442722963728 0.00252495037949726 0.999980247651102
1461243311.40339 -0.0565989549018131 -0.0752737147624471 2.41768253104365 0.000130283479846356 0.00568429455216833 0.00111309397359098 0.999983216280886
1461243311.46272 -0.0588607116418449 -0.0784095867004227 2.53269319503637 -0.000538296228914464 0.00571494810574549 -0.000403435997574637 0.999983443285295
1461243311.54294 -0.0621374483135158 -0.083198991205868 2.68579774857436 -0.000808832390809573 0.00636917682795 4.6819789790379e-05 0.999979388379883
1461243311.60292 -0.0643629271373805 -0.0866768571876892 2.79792315048637 -1.12778795576338e-05 0.00606822181437533 -0.000488617106561487 0.999981468733368
1461243311.66259 -0.0663781370982413 -0.0899960132507931 2.91252581090306 -0.000271387696165569 0.00617387262271731 0.000558204494172407 0.999980748841346
1461243311.74253 -0.0702590818559303 -0.0952314116893163 3.06219213752629 0.000269496046016802 0.00608449053684108 0.000345371363363883 0.999981393359601
1461243311.82322 -0.0720089795607805 -0.100547164947438 3.2134333843236 0.00180919881508918 0.00655851803958022 -0.000848544021901638 0.999976496030689
1461243311.90306 -0.0734829921271151 -0.105507457644776 3.36798958602208 0.000879422608987927 0.00691496848290691 0.000162011539806146 0.999975691494056
1461243311.96282 -0.0747674948628363 -0.107551940679687 3.47864885642559 -0.00406991522749865 0.0078098154305616 -0.000923922771022228 0.999960793701281
1461243312.02292 -0.0768549560558249 -0.11188075369057 3.592291718494 -0.00124988130749899 0.00797414046038095 -0.00156270435172163 0.999966203846782
1461243312.08302 -0.0788032860181841 -0.115937012946156 3.69905882336721 0.000722999870292766 0.00802831908058768 -0.00219541849504993 0.999965101141815
1461243312.14355 -0.0798390943798069 -0.120235700117243 3.81029142179956 0.000405771103987242 0.00823672380844596 -0.00125945213181119 0.999965202150076
1461243312.18332 -0.0811379752161289 -0.12248621045408 3.88424770648882 0.000694596893845862 0.00839679688888018 -0.000830100978974927 0.999964160492528
1461243312.24344 -0.0829813411648164 -0.1272592561426 3.99897212055774 0.000244392824999027 0.00853785647286558 0.000379896353437734 0.99996344981092
1461243312.32493 -0.0845790522492111 -0.131526057621052 4.14485416060774 0.000150404208645395 0.00816732666414072 0.00125161258280923 0.999965852226804
1461243312.425 -0.0871156143610386 -0.137165799599741 4.33310007415451 -0.00116064120422147 0.00706756879978584 0.0026459854850193 0.999970850147177
1461243312.52426 -0.0920623436289475 -0.144356609921894 4.51149006860658 -0.000323780231404369 0.00646569808568606 0.00375565712279171 0.99997199208488
1461243312.60278 -0.0945444306446177 -0.147893098440831 4.65567547693336 -0.0011857647628855 0.00541731929934522 0.0039233297701213 0.999976926782339
1461243312.68246 -0.0986688829714364 -0.152195431154407 4.80787617304606 -0.000243131727293643 0.00471210285631384 0.00366500780418968 0.999982152186443
1461243312.76253 -0.102449420181224 -0.156621915343434 4.95835797583127 -0.000393954428037456 0.0042457476073457 0.0016219633509301 0.999989593776881
1461243312.86286 -0.105947729817327 -0.162414268085775 5.15110550171062 -0.000212095069619698 0.00526537783148855 0.000995431548285206 0.999985619860609
1461243312.94301 -0.10750763477797 -0.166579929157782 5.3092028746392 -0.000609784691335419 0.00603140359075749 0.000959743911595707 0.999981164435101
1461243313.02263 -0.109537261757467 -0.171531768014974 5.47181254520285 -0.00239623871106433 0.00770703025949176 0.00251245157857802 0.999964273017633
1461243313.16262 -0.113419601129002 -0.180059394020309 5.75174299077797 -0.00079958519256225 0.00733758116871121 0.00162563199834324 0.999971438535481
1461243313.24255 -0.116596532305227 -0.183639417923471 5.91717219231373 -0.00449012898263042 0.00633439886400859 -0.00041946479081787 0.999969768634053
1461243313.28247 -0.114234350581696 -0.185283234870176 5.99210598825948 -0.00469770410487289 0.00491646853363688 -0.00263334327539357 0.999973412354796
1461243313.34255 -0.117302371263639 -0.191756413673983 6.12463630355732 0.001836956831488 0.00486575863983119 0.00164870540661306 0.9999851157657
1461243313.40316 -0.116116097385872 -0.194449100166454 6.24514597006019 -0.00208682288080569 0.00392424972877731 0.00278306957128744 0.999986249884513
1461243313.4429 -0.117793897172775 -0.195162461355222 6.32698220809091 -0.00730877224041675 0.00323498626041425 0.0060879745107646 0.99994952536545
1461243313.50241 -0.118967686635294 -0.20092017645971 6.44518898486168 -0.00106461710366468 0.00262819488869447 0.0110127549713406 0.999935337114351
1461243313.56248 -0.1236345324657 -0.205911317011249 6.56102784660642 0.0012239973989439 0.000764562433786543 0.00604422407722358 0.999980692128581
1461243313.62244 -0.127117815598423 -0.211044802513306 6.67734425559038 0.00151249246951561 0.000403787313186485 0.00238876875819079 0.999995921544761
1461243313.68259 -0.1346877386472 -0.219062360955952 6.79524978677353 0.0141237974684981 0.000830400890599444 -0.00334899522625915 0.999894300919054
1461243313.7225 -0.135350062565776 -0.222376009814206 6.87398572647193 0.0106525217319155 0.00153155999382934 -0.00585208562869454 0.999924962783974
1461243313.76241 -0.137487221997946 -0.222972232424945 6.9502861320161 0.00206555066822804 0.00172811527962404 -0.00663805552964694 0.999974341339218
1461243313.80243 -0.139114110986318 -0.225280654356136 7.02460053001232 0.00259589240253571 0.00215780485100927 -0.00930764094657751 0.999950985319215
1461243313.84245 -0.139949825542882 -0.228793465813461 7.10295519805828 0.0048786295980443 0.00195349138590565 -0.0094953082155168 0.999941109249211
1461243313.88267 -0.142778638785355 -0.231329154240499 7.17675776017219 0.00240771777730569 0.00167652464386701 -0.00985289784932658 0.999947154885794
1461243313.92242 -0.144928693695926 -0.232714410817448 7.24979586368901 -0.00144796620952189 0.00260696638803531 -0.0108127315170684 0.999937094000041
1461243313.98243 -0.148337351712269 -0.233519666258845 7.36008541955691 -0.00407290534356846 0.00212610069244236 -0.0124458363018044 0.999911992275649
1461243314.02273 -0.148052729332849 -0.236102082528556 7.43605828918056 -0.00221367978128435 0.00246784118412523 -0.00703561686140465 0.999969754281146
1461243314.06276 -0.148920760027833 -0.237988801572817 7.51512009165094 -0.00268015095066363 0.00278366369080979 -0.00780999333866504 0.999962035285034
1461243314.12269 -0.151251363340777 -0.242401534205067 7.62399047501893 -0.00103654246710576 0.00124362567145215 -0.000251217703554371 0.999998657931384
1461243314.18236 -0.15569156402744 -0.246113569201733 7.7323541243641 0.000561918008159678 0.00219192138344779 0.00179172327113599 0.999995834719586
1461243314.24242 -0.155853268556274 -0.249130559664662 7.84952592865181 -0.00271406943102975 0.000367752888157599 0.00479717004253234 0.999984742755868
1461243314.32236 -0.16261952661359 -0.257220061938162 7.99434062111962 0.00877145374925557 -0.00201801767681306 0.00087780126914739 0.999959108498299
1461243314.38249 -0.166059916940125 -0.260935119383772 8.11343199635078 0.0032708216385875 -0.00146296565011142 -0.00011705552929252 0.999993573857011
1461243314.46292 -0.172601244657004 -0.266558976018827 8.26617916509324 0.00474799798855295 -0.00139253248066582 4.51401649934704e-05 0.99998775759044
1461243314.5231 -0.17592938725323 -0.270019505317948 8.38604518066145 0.00191899374974099 -0.00294511963766759 -0.000627475364340617 0.999993624983667
1461243314.58248 -0.181599004609173 -0.275101791194333 8.5044655677579 0.00479210611776052 -0.00299572819631654 0.000286715530157445 0.999983989434698
1461243314.64247 -0.186208418198511 -0.280035046315207 8.6231693916062 0.00416301309948381 -0.0032481269942877 0.00118465333917359 0.999985357687516
1461243314.70237 -0.191150569865357 -0.285580892055901 8.74437796218816 0.0057701045606451 -0.00334581503697395 -0.00123263856315902 0.999976995744037
1461243314.76276 -0.195386651933508 -0.288161658033491 8.86367481850671 0.00137383745828058 -0.00372526670144947 -0.00141192063655213 0.999991120679958
1461243314.84263 -0.200655776305552 -0.295064508405162 9.03279124798731 0.00501279357080586 -0.00336253769443135 -0.00315957483442869 0.999976790894537
1461243314.9029 -0.203758277498872 -0.299380471030145 9.15348125694845 0.00313627019175294 -0.0026740037872858 -0.00190076045349284 0.999989700258322
1461243314.98228 -0.210239469172272 -0.304896101876896 9.32565304439432 0.00391425200235837 -0.00185962610951651 -0.00318286368317739 0.999985544795908
1461243315.0427 -0.213185423370317 -0.309850172560866 9.44811308860647 0.00352959880929822 -0.000760086113524878 -0.00355982941993542 0.999987145825308
1461243315.10279 -0.215077595122466 -0.314872652032298 9.57476421277388 0.00378010163082964 0.000392116935617986 -0.00298042242279355 0.999988337011063
1461243315.18238 -0.219506524862255 -0.321127719640269 9.74848110244229 0.00367311848169978 0.00167597220409206 -0.0030536990198138 0.999987187037958
1461243315.26239 -0.222894243683354 -0.328588818182068 9.92374491448855 0.0049152740545744 0.00286980065644246 -0.00258036677600599 0.999980472825576
1461243315.3224 -0.225036546746244 -0.333897627743481 10.0536246685849 0.00416093860592412 0.00358703851585082 -0.004265098779376 0.999975814046023
1461243315.38255 -0.230538275746839 -0.338662430453553 10.1772745829716 0.00457998888253793 0.00434200021828197 -0.00157093561566891 0.999978851224981
1461243315.42249 -0.229909169069928 -0.342150000326284 10.2645374593845 0.00472406054426406 0.00472972231745284 -0.00242593849588655 0.999974713580893
1461243315.48234 -0.233206548303371 -0.347502675173901 10.3968120752131 0.00367686678383845 0.00453959707835532 -0.0015386798266351 0.999981752420219
1461243315.54278 -0.235542967631494 -0.352572249097668 10.5260116049593 0.00394832857446762 0.0046348430805672 -0.00245501407109813 0.999978450686312
1461243315.6023 -0.238798818221098 -0.357622468130499 10.6575940267203 0.00387386024843061 0.00437448702314179 -0.00324548641978317 0.99997766169448
1461243315.66244 -0.242240819021262 -0.36259662093975 10.7847505687492 0.00307893223860888 0.00401644747480535 -0.000626041680295171 0.999986998114359
1461243315.72268 -0.245052432118991 -0.368605546793115 10.9177772192113 0.00446385783283395 0.00378073968759066 -0.00133413760079045 0.99998199986676
1461243315.76227 -0.246858421363769 -0.371519545938542 11.0072534095697 0.00317307127686836 0.00262191201805643 -0.00342991521335636 0.999985646335822
1461243315.82235 -0.250803891420446 -0.375741051378955 11.1387787554246 0.00170064649974441 0.00308201575186481 -0.000380897129553889 0.999993731929238
1461243315.90282 -0.256170358436489 -0.383000045459185 11.3202951672925 0.00514702088975007 0.00178189927250888 -0.000765719755135307 0.99998487322769
1461243315.96258 -0.25964898625234 -0.387735690781931 11.4537648524091 0.00245133276437476 0.0029675553284789 0.000266339580031137 0.999992556795439
1461243316.02265 -0.26455665826443 -0.392867268591408 11.5848629797323 0.00255129535879756 0.0025869790690185 0.00039982199408586 0.999993319264515
1461243316.08275 -0.267550435350412 -0.398520340616086 11.7140245358656 0.00379255973182519 0.00353931947462092 4.16996102489276e-05 0.999986543894206
1461243316.14258 -0.269853319761194 -0.40349717709448 11.8432549632562 0.00326019475478903 0.00312863838946484 0.000242407856086042 0.999989761942801
1461243316.18247 -0.271872522097375 -0.406754365778954 11.934473736472 0.00305918847566241 0.00400235537917302 0.00102072863388088 0.999986790227924
1461243316.24253 -0.272485368095893 -0.411908259202704 12.0593654220993 0.00304574414567107 0.00435939670285348 0.00175483631415991 0.999984319703313
1461243316.30224 -0.27536545883605 -0.416294075534021 12.187411131706 0.00231330320881022 0.0044722255500489 0.002950712221141 0.999982970417138
1461243316.38352 -0.280454274681404 -0.423204524452039 12.3495525139466 0.00312144915819089 0.00468820383497903 0.00279166743941254 0.999980241751237
1461243316.4223 -0.281340402347616 -0.426225741165592 12.4386255029123 0.00215523762143791 0.00478982340235955 0.00294323829981853 0.999981874781178
1461243316.46264 -0.281998137625806 -0.429749689447387 12.5240118313485 0.00190691188609605 0.00460851075732208 0.00280825498315595 0.999983619375642
1461243316.52266 -0.284412595372026 -0.435013046952934 12.6491893356944 0.003585464320146 0.00450736816447188 0.00331199096502338 0.999977929153282
1461243316.5826 -0.286886102238585 -0.438311176607762 12.7728533364835 0.00185432239075106 0.00459627604330021 0.002946480839633 0.999983376854669
1461243316.62377 -0.289958760309389 -0.440893694818482 12.8547162980633 0.0016586940913089 0.00441974701399362 0.0031824939113797 0.999983793020041
1461243316.68375 -0.290434843200816 -0.446557059653081 12.9830000258056 0.00334354174925904 0.00402098133776911 0.00353573053431043 0.999980075325124
1461243316.74306 -0.293669822761674 -0.451436218515985 13.1042144238892 0.00326620610456329 0.00359516964759958 0.00182025041319325 0.999986546580163
1461243316.82315 -0.300899967335959 -0.457710639207919 13.2679121821663 0.00409300227248228 0.00386136256072825 0.00176772555979891 0.999982606027684
1461243316.90261 -0.305757613447509 -0.463779619931637 13.4323901407415 0.00349921396750658 0.00321916334236392 0.00125307619621459 0.999987911071445
1461243316.98229 -0.30883466391444 -0.470147889469043 13.6003787297992 0.00377105239583164 0.00366212638419602 0.00119914055784325 0.999985464922414
1461243317.02227 -0.31039454867863 -0.47379548118522 13.6830179944012 0.00388854153627546 0.00391045655861488 0.00124538842047493 0.999984018163243
1461243317.08229 -0.313370447423795 -0.477915153774537 13.8086087304909 0.0025552923034714 0.00489853689058901 0.00245572967442159 0.999981721937627
1461243317.1422 -0.317611324862737 -0.482667775902759 13.9355522108709 0.00349248067366084 0.00527663157798789 0.00276218648599674 0.999976164747816
1461243317.18279 -0.318007563592501 -0.485092050877608 14.0230832694654 0.00309665271173715 0.00489308978867757 0.00183226192332088 0.999981555445173
1461243317.24241 -0.319365718890894 -0.489604183682939 14.1526818304069 0.00274522397849027 0.00464731167717417 0.00222666267898978 0.999982953961115
1461243317.30259 -0.320405493348322 -0.494223132116698 14.2795112055287 0.00244277475336127 0.00462729215088868 0.00260604184432956 0.999982914636425
1461243317.34235 -0.323641023180739 -0.497133026439504 14.3592861190426 0.00251102868802908 0.00468954996151363 0.00186871479475876 0.99998410525423
1461243317.38265 -0.325049613081314 -0.500702218401419 14.4407206235409 0.00295302427357763 0.00421976213206919 0.00196543529554258 0.999984805044201
1461243317.44221 -0.327243020917389 -0.50455671328159 14.5739520095897 0.00180827215545271 0.0044605629726261 0.00189966650259749 0.999986612308864
1461243317.4822 -0.329384233478641 -0.508118707004431 14.6546597240909 0.00221823828386989 0.00434180576739789 0.00247390967221633 0.99998505384457
1461243317.52224 -0.330951929160759 -0.512307398590034 14.7397356995946 0.00454824372310938 0.00465442649712259 0.00229099371053217 0.999976200287205
1461243317.56232 -0.332831006687035 -0.515505105560504 14.8270324724632 0.00472906539817323 0.00378762627172298 0.00264126043531435 0.999978156546931
1461243317.60278 -0.334893867880281 -0.517700954581859 14.9090674464235 0.00306281373132933 0.00437149897025738 0.00140475904643969 0.999984767794401
1461243317.66358 -0.3385353258082 -0.522556943762643 15.041113327146 0.00375645920706008 0.00352808167497154 -8.92735709274976e-05 0.999986716753853
1461243317.70224 -0.341338255149913 -0.524988583864193 15.1249627671255 0.00390736460437092 0.00301234042333508 -0.00276868317897456 0.999983996222178
1461243317.76221 -0.345113846845745 -0.529786522727232 15.2529883019959 0.0042463628162735 0.00280341363917511 -0.00514241555324014 0.999973832076159
1461243317.82214 -0.348366862401632 -0.535059296685609 15.3798161054557 0.00509475936422857 0.00232497079524912 -0.00330825941227941 0.999978846455005
1461243317.88221 -0.351451161141879 -0.53935678918014 15.5122917286597 0.00254151885980751 0.00234107429761605 -0.00343530707870813 0.99998812928869
1461243317.92256 -0.35545683810151 -0.542269290003854 15.5984762408223 0.00312375301521319 0.00134537689374019 -0.00570143696331456 0.999977962629511
1461243317.96258 -0.357694851834167 -0.545803399873227 15.685561217791 0.00454212741583925 0.000899396119825932 -0.0059452957697616 0.999971606408586
1461243318.00264 -0.361419961493524 -0.549285772444368 15.7720438093811 0.00442129073276243 0.000791762439941336 -0.00782475676759183 0.999959298412702
1461243318.0423 -0.365061636183398 -0.553187166255903 15.8608296437727 0.00507137913604772 -4.85697719446637e-05 -0.00824465018685556 0.999953151151559
1461243318.08234 -0.366750264012069 -0.557492770010751 15.950286632132 0.00622825199707827 8.41711460031266e-05 -0.0110927531207356 0.999919073035654
1461243318.12226 -0.369975306736542 -0.561393348254035 16.033415665417 0.00787624012802059 -0.000515809633098031 -0.0105828623125377 0.999912847105758
1461243318.18224 -0.376252878779686 -0.566714530786388 16.1598437865152 0.0056993583234916 0.000190091717140139 -0.00793938575276018 0.999952222525511
1461243318.24222 -0.381721601939385 -0.572138714410975 16.2904479150722 0.00320241311734634 -0.000533483219154838 -0.00523163688099626 0.999981044781063
1461243318.30232 -0.385113162899461 -0.579360301074875 16.4221586302295 0.0119495158177146 0.00034970953735747 -0.00482322028228763 0.999916908208412
1461243318.40232 -0.393569747383198 -0.587782498125599 16.6359291991316 0.00866754564153511 -0.00105517673210758 -0.00786671349402924 0.999930935151733
1461243318.50269 -0.401237401288464 -0.596671779726777 16.8497875227778 0.00764707140811722 0.000968449985801769 -0.00673410924450872 0.999947616716089
1461243318.54258 -0.40420168725489 -0.601341260021457 16.9375725000138 0.010036582700241 0.00136505024123724 -0.00456723309951801 0.999938270108388
1461243318.70284 -0.414630075784799 -0.616029889763198 17.2772992612 0.00938149368654151 0.00373416871568088 -0.000856691965494142 0.999948653501313
1461243318.76595 -0.416780249856254 -0.622563026892827 17.4046189377455 0.00922295417337804 0.00395293400773881 -0.000460492957633111 0.99994954841496
1461243318.83847 -0.42102759547437 -0.629235136275634 17.530112736984 0.0098699433174195 0.00365132604904592 -0.00146171986897445 0.999943556113053
1461243318.9424 -0.429655511604559 -0.640617189277636 17.7745300265861 0.00993009880634885 0.0030422547939893 -0.00408556234553386 0.99993772106256
1461243319.04213 -0.432873844121723 -0.651695023817688 17.9811396981702 0.00869662406046831 0.00349097006528044 -0.00470440768304931 0.999945023691956
1461243319.14266 -0.432788572722556 -0.662235025774821 18.1833928810538 0.00814107253418925 0.00683034432962797 -0.00280798184103929 0.9999395904615
1461243319.22208 -0.434109647704167 -0.672315177784525 18.3392470886767 0.0121312669610851 0.00790580346640903 -0.00492047814684342 0.999883052925829
1461243319.34266 -0.432926144656502 -0.683660877530524 18.5794229762441 0.00947719577292179 0.0102114008848956 -0.0046795861648926 0.99989199993078
1461243319.46246 -0.436260603452307 -0.696902442313559 18.8049574792242 0.00989747231760452 0.00972818797833497 -0.00262802942240692 0.999900242955134
1461243319.54253 -0.437656664279702 -0.703453533758611 18.9613208463939 0.00988204677470965 0.00786019765008666 0.000117251679045804 0.999920271169901
1461243319.62482 -0.440719966749498 -0.7114285528657 19.1222728114615 0.00990484729055161 0.00621359504252245 -0.00298272913603125 0.99992719163132
1461243319.70207 -0.443851750364798 -0.720219271525135 19.2810833221969 0.010821461948133 0.00457283434892243 -0.00114614844836938 0.999930333318805
1461243319.78222 -0.448934471430441 -0.72677799421436 19.4487854823105 0.00757566082352867 0.0028025037358285 -0.00220274418817193 0.999964951012754
1461243319.86238 -0.454676957609694 -0.736930058962669 19.6116493177256 0.0144501648702257 0.00076550485755071 -0.0018589698829188 0.999893569820564
1461243319.94223 -0.460343027982194 -0.742606009794659 19.7823715726426 0.00577720117975171 9.85118982178109e-05 -0.000698633067691793 0.999983062933454
1461243320.02372 -0.465759203676978 -0.752545525586709 19.9474687935917 0.0109503739197879 0.000524769122685807 -0.00148441499555627 0.999938803347738
1461243320.08303 -0.468390416033313 -0.758223908189014 20.0714568579586 0.0110838210623341 0.00179372601491729 -0.00530922766540217 0.999922868805009
1461243320.12221 -0.470447163414961 -0.763200069392044 20.159667482276 0.0115543132435787 0.00309989285021643 -0.00836172038107289 0.999893479397708
1461243320.18213 -0.472546276859901 -0.770151206547653 20.2873512552993 0.010577449834374 0.00586541219522499 -0.00543384488983136 0.999912090048168
1461243320.24206 -0.47143092360785 -0.775024476461154 20.4194108763375 0.00611781226479649 0.00958306118307361 -0.000581011095881775 0.999935197769116
1461243320.2824 -0.469897489338272 -0.77858341185018 20.5070027602124 0.00644610482028066 0.0108731853717523 0.00246606962205139 0.999917066597594
1461243320.34237 -0.468861338745496 -0.787858627516907 20.6349845862499 0.0106999903107514 0.0137172689549617 0.00454916691200274 0.999838312838718
1461243320.42221 -0.468588490897444 -0.798123687610538 20.8092139811867 0.012306670203476 0.0184979341755531 -0.00301723038747729 0.999748602709966
1461243320.48244 -0.465090345351905 -0.805157641616397 20.9452842570264 0.0101727917741904 0.0241956412828849 -0.00306103648500013 0.999650796681554
1461243320.542 -0.459103700411794 -0.811503338196283 21.0769813936533 0.00904059931452918 0.0298748041965803 0.000407312612286632 0.999512680127014
1461243320.62301 -0.45003282245126 -0.821110307277867 21.2560288740369 0.0107913348023036 0.0350788456858981 -0.00110270364144545 0.999325675504842
1461243320.68245 -0.442205289198262 -0.828279558259822 21.3857141325502 0.0110783555526112 0.0398063879032665 -0.00234571595141813 0.999143242551847
1461243320.74253 -0.43386018170776 -0.834683875991848 21.5158986252533 0.00829124092321162 0.0439654945899792 -0.00199751470817453 0.998996646913493
1461243320.80206 -0.424348132896802 -0.840668231585254 21.6484208438565 0.00755405362706924 0.0482592440781139 0.00166375969385267 0.99880489262843
1461243320.86229 -0.412788056886132 -0.847181196315754 21.7830930066052 0.0084139752708887 0.0499937126077121 0.00263427157216631 0.998710615910897
1461243321.0266 -0.38803452992247 -0.862921403622604 22.1204010786776 0.00726447375985141 0.0515143939403432 0.00448622735515363 0.998635753616938
1461243321.10269 -0.376020772830793 -0.870567045317628 22.2920671946424 0.00764535519427112 0.0481754633166383 0.00578169996115949 0.998792894059494
1461243321.14378 -0.371425108176567 -0.874892728199081 22.3783851252986 0.00904458859713798 0.0455220315125123 0.00657712371520444 0.998900736563808
1461243321.20393 -0.366267288258645 -0.880686972123063 22.4994535962155 0.00702999961634171 0.0400322462536623 0.0102259025794511 0.999121328609151
1461243321.26206 -0.364004547786518 -0.88619679637368 22.626530086161 0.0067543162187088 0.0335807356269999 0.00724820238613473 0.999386900539194
1461243321.3025 -0.363225919975203 -0.890571590860416 22.7059500589209 0.00771996852303695 0.0299241064548248 0.00705373232092199 0.999497471131983
1461243321.3421 -0.363280074477175 -0.894040907568601 22.7824104660074 0.00799032201608733 0.027109603680708 0.00673157888373694 0.999577865895442
1461243321.3819 -0.363528375228877 -0.89823025029121 22.8637518943182 0.00784326406387638 0.0241621360304619 0.00645257642697604 0.999656460314604
1461243321.42458 -0.363006291497909 -0.902761043666896 22.9430560260001 0.00860355446318842 0.0219550462337182 0.00840226826410229 0.99968662924113
1461243321.46248 -0.363063803966678 -0.90746412518395 23.0270142440115 0.00832641647291096 0.0198081165766594 0.00735259712284691 0.999742091052465
1461243321.50201 -0.362929407743931 -0.911698956662355 23.1024567754939 0.00744199606181237 0.0184155875087183 0.00896677059333452 0.999762511727886
1461243321.54196 -0.361389983137735 -0.914883712559465 23.1814012403755 0.00750711560637355 0.0176696891667941 0.0102788617845869 0.999762857031824
1461243321.60201 -0.361291857149675 -0.920473929258237 23.2968543396109 0.00727209256430465 0.0163598805988762 0.00781912386841058 0.999809147926972
1461243321.64199 -0.361591890527492 -0.925049168914915 23.3718664140004 0.0082562579352376 0.0149787147757958 0.00707086531092423 0.999828722918244
1461243321.68207 -0.361794220786588 -0.928741140601381 23.4440318688557 0.00831887249983853 0.0146784908335947 0.00664008390419209 0.99983561026447
1461243321.72464 -0.362705961483017 -0.931754626915515 23.514244627654 0.00834021795628536 0.013826325789376 0.00578248243432894 0.999852907370131
1461243321.80218 -0.364702013490371 -0.937816727153488 23.6474279169736 0.0068564549740862 0.0132591094339811 0.00369784497323859 0.999881748500671
1461243321.84228 -0.365516017853204 -0.941092978266332 23.7090886677416 0.00722089536105006 0.0128817087092452 0.00413968940490747 0.999882384694593
