1461243310.02414 3.36170850683492e-05 2.52221641316371e-05 1.70304230543102e-05 -2.36728490874346e-06 -1.07960447574472e-05 -3.52372823261213e-05 0.999999999318088
1461243310.16334 -0.00577663992518408 -0.00587256491333324 0.182315681181647 0.000789705843643019 -0.00139641199585034 0.00135419137244954 0.999997796279544
1461243310.22422 -0.00877991521841105 -0.00812875820725164 0.262595151172471 -0.000282047789813661 -0.00204869491382963 0.0010541737624018 0.999997306004308
1461243310.28393 -0.0121505109060595 -0.0110085179579888 0.34163389385773 0.00100411753807144 -0.00396128345620731 0.000883852165608216 0.99999125935515
1461243310.34454 -0.0156001396848665 -0.0134119078673901 0.423316245730296 0.00123943216627004 -0.00424554325774159 0.000398918980969354 0.999990139968389
1461243310.40312 -0.0189986772181564 -0.0159940943540665 0.505079008950094 0.00133035455316746 -0.00439746366881729 -2.65960890670902e-05 0.999989445825651
1461243310.46319 -0.0212282836065573 -0.018637754193367 0.59235037829254 0.000231175432249854 -0.00342163797081352 0.00142886260889487 0.999993098627766
1461243310.56275 -0.025773960938873 -0.0228371449467704 0.733579903486671 -0.000509214595696285 -0.00139543940404035 0.0029083463263426 0.999994667471288
1461243310.6226 -0.0282384120248543 -0.0258218604449175 0.827967140958778 0.00041300918561454 -0.000646736335312626 -0.000821460364530268 0.999999368178998
1461243310.68266 -0.0304280651877926 -0.0288861464352494 0.91441209078734 0.000893388433351067 0.000659723488026715 -0.000611961602831522 0.999999196062188
1461243310.76256 -0.0329945421715719 -0.0324144568453126 1.04064557826154 0.000600360119898021 0.00293773240184057 -0.00160828789710199 0.999994211336297
1461243310.8246 -0.0344648100906966 -0.0353358513841876 1.13531153277363 0.00082652755282773 0.00449534106448924 -0.000338989828787243 0.999989496868249
1461243310.90261 -0.036701214553408 -0.0393472401782322 1.25863497290977 -0.000377129957204108 0.00591526037768518 0.00121048577113191 0.999981700928501
1461243310.98256 -0.0381742914203469 -0.0428434713138472 1.379982519526 -0.00136162951579738 0.00757145900477119 0.00243994841380841 0.999967432282341
1461243311.06267 -0.0394658014606714 -0.0470695894201483 1.50164037932889 -0.000753392881633658 0.00759803607117069 0.000504034216351951 0.999970723669716
1461243311.14299 -0.0420490116947788 -0.0513822710628412 1.62876460269259 0.00126714787271863 0.00800515524395938 0.000663844698892629 0.999966935021356
1461243311.20288 -0.0431433660280772 -0.0550090053997042 1.72396358869198 0.00256783889509455 0.00740693335209371 0.00149439398323183 0.999968154657112
1461243311.26249 -0.0447658868144862 -0.0574156263694605 1.81941614656967 0.000204220972064275 0.00700968720292338 0.00196001294914833 0.999973490112788
1461243311.32284 -0.0463510698446718 -0.0603629959253943 1.91600188234468 -0.000188863892040948 0.00654035497465948 0.00175122072036124 0.9999770603935
1461243311.38297 -0.0482599690628778 -0.0637730210657954 2.01557517167794 -0.000291354977347119 0.0064891733067043 0.00227454344562821 0.999976315816623
1461243311.44291 -0.0504963194689161 -0.066505091053379 2.11198499632796 -0.000500831237378276 0.00607032684840504 0.000129890630206326 0.999981441542017
1461243311.50287 -0.0522966730242909 -0.0690312318392477 2.20951756697107 -0.00173577917405933 0.00688417538483332 0.00065186880807285 0.999974584810527
1461243311.56281 -0.0533309630311065 -0.0720707054073916 2.3028114040523 -0.000524958021738398 0.00725508605465338 -0.000746469661734872 0.999973265106852
1461243311.64273 -0.0557051787921005 -0.0758399895721225 2.43239165421353 -0.000806201057095787 0.00674820186357218 0.000380039734572162 0.999976833422287
1461243311.74253 -0.0580938706331432 -0.0812454238698083 2.59108269832655 6.46964524217379e-05 0.00648127242810788 -0.000136653040062208 0.999978984903197
1461243311.82322 -0.0597702528306088 -0.0858908428155937 2.71811166516311 0.00155958412566112 0.00711573992467726 -0.00128831685868778 0.999972636716801
1461243311.88248 -0.060712004801261 -0.0893895664618963 2.81307301649301 0.00204244219935526 0.00744059172874204 0.00011460384459693 0.999970226002028
1461243311.94288 -0.0613716820353533 -0.0907231440146585 2.9071936716574 -0.00364631488566373 0.00772862766014419 -0.00103180141342709 0.999962953357818
1461243312.0028 -0.0616970062134388 -0.0935621645594567 3.00299751330813 -0.00254954933859494 0.00805911857979373 -0.00171242081073281 0.999962808318816
1461243312.08302 -0.0623549715153758 -0.0984790462920806 3.12327222996669 0.000578471405466696 0.00809605223916176 -0.00246040389154309 0.999964032213991
1461243312.14355 -0.0637670604017003 -0.10180928625433 3.21697214595553 0.000266346692389607 0.00864916944711673 -0.00144054563719237 0.999961522137518
1461243312.20317 -0.0644903239493888 -0.104930534074374 3.30983904225341 0.000750605054681563 0.00875954511574262 -0.000643527430068488 0.999961145662102
1461243312.26284 -0.0654627446329674 -0.107818617484358 3.404100726355 0.000285712719705702 0.00854940750486913 0.000798577912011925 0.999963093455391
1461243312.36283 -0.066040641398754 -0.112455767570434 3.55519028148911 -0.000691964483115514 0.00747544462372554 0.00158451592972658 0.999970563677802
1461243312.44269 -0.0680845767694051 -0.116669884877127 3.67622931531551 -0.000560458280464664 0.00690317140018817 0.00214211118787952 0.999973721390115
1461243312.56285 -0.0697174222895242 -0.122421422180528 3.85538049943313 -0.000724239082765231 0.00575788584351258 0.00300466103875801 0.999978646892226
1461243312.62438 -0.0725204587790756 -0.125081082566317 3.94782031046863 -0.000310075084557167 0.0052347145732983 0.00288701957000903 0.999982083206885
1461243312.68246 -0.075731216384301 -0.128468119166383 4.0425842179011 5.93616837476618e-05 0.00479412234677198 0.00244121549091787 0.999985526562281
1461243312.74255 -0.0781061525225624 -0.131634512015448 4.13285368953005 -9.94797864832514e-05 0.00429119912244904 0.00108145469936265 0.999990203036808
1461243312.84249 -0.0814031468037268 -0.136451048045675 4.29467130625532 -0.000243626668539295 0.00532322115449618 -5.84307072167582e-05 0.999985800173402
1461243312.94301 -0.0843005259988717 -0.141155930207937 4.45694134490603 -0.000252258922489942 0.00633536067854176 0.00028005420851454 0.999979860367272
1461243313.02263 -0.0852717738457739 -0.144331335843876 4.59197664551128 -0.00199211202107819 0.00751091019034472 0.00119815225703709 0.999969090596793
1461243313.1027 -0.0867439958353343 -0.149052013964605 4.72374682699149 0.000334221067971038 0.0075298261826469 0.000761612971124265 0.999971304568096
1461243313.18284 -0.0894240491509955 -0.153583992047817 4.85953387855568 -0.00118717571432901 0.00698918330230883 0.00195191729376023 0.999972965609305
1461243313.26277 -0.0919468429711683 -0.156097972392565 4.99362687566819 -0.00564160042335977 0.00570599461524264 -0.000983710874494798 0.999967322607609
1461243313.30301 -0.0919812827457628 -0.158051982690936 5.06128847009058 -0.00292863748365014 0.00470627893477534 -0.00183338331456206 0.999982956218104
1461243313.36253 -0.0927477474077035 -0.162941307290067 5.15844551167744 0.00320062283731772 0.0046563102985941 0.00238461514499842 0.999981194022401
1461243313.42243 -0.0953466615479394 -0.163876324739214 5.257122743994 -0.00590737271245819 0.0032354052366088 0.00416967399068568 0.999968623967474
1461243313.48255 -0.0967742287818339 -0.166733416703741 5.35371188760921 -0.00392544204714994 0.00280348359670168 0.010019368207512 0.99993816991111
1461243313.52283 -0.0986866099357081 -0.170442831529196 5.41848252600539 0.000685341002342344 0.0026625336213268 0.00965182363733207 0.99994964049341
1461243313.58244 -0.102186281038909 -0.17398698840011 5.51182178162524 0.000371357750083855 0.000329006417194383 0.0060868783455692 0.999981351706223
1461243313.6424 -0.106517767384809 -0.179381425654245 5.60883111368882 0.00511620083164051 0.000791120358346458 0.000421570914374433 0.999986510356811
1461243313.70242 -0.110847244475273 -0.185303313351397 5.70279536991068 0.0144078674816568 0.000750096099408162 -0.00502524060894189 0.999883292023272
1461243313.74277 -0.112431753639832 -0.186469903283982 5.76455879879081 0.00611925085001483 0.0016690921947114 -0.00601874458392278 0.999961771076232
1461243313.78256 -0.113860486778007 -0.189002390995 5.82979045080035 0.00182685035782847 0.00186118834144897 -0.00693537507301979 0.999972549207389
1461243313.82277 -0.11466514593964 -0.191256660348781 5.89279453033789 0.00405624595074147 0.00185512348507766 -0.00936787258515849 0.999946172725747
1461243313.86254 -0.117208859836739 -0.193768747656624 5.95610988517663 0.00420699076210745 0.00210682937636091 -0.0105144810811561 0.999933651892115
1461243313.90241 -0.118952679006331 -0.195704579920791 6.01672154101312 -0.000367174120921139 0.00180285795085142 -0.00688107581470929 0.999974632519249
1461243313.94249 -0.119950179735575 -0.196565670263427 6.07886611710872 -0.00343953510896874 0.00296837257257644 -0.0128411651535932 0.999907227116598
1461243313.98243 -0.121885532898001 -0.197903774662032 6.13877788499497 -0.00453278997828908 0.00263183387651706 -0.0112386778319705 0.999923106736737
1461243314.02273 -0.122619236676346 -0.200243929877026 6.19652835869197 -0.00271388936963534 0.00338331226663737 -0.00562816634867943 0.999974755554433
1461243314.06276 -0.123952632152705 -0.201421357348316 6.26294487164415 -0.00310236399447642 0.00343400937647949 -0.00672251448854212 0.999966694803482
1461243314.12269 -0.125337465923252 -0.204607290859909 6.3554173917877 -0.00123608824845708 0.00204235911176739 0.000362164083414048 0.99999708484189
1461243314.20243 -0.127917626310862 -0.20758847106836 6.47558902340275 -0.00163963702530413 0.00165685885147432 0.0032000729853618 0.99999216294032
1461243314.26258 -0.130959475784071 -0.211406333114939 6.56767055066733 0.000617522867767124 0.000624773004418019 0.0057449522951601 0.999983111781058
1461243314.32236 -0.13488574677125 -0.217086504199892 6.66300709287406 0.00856017122691227 -0.00158324122243918 0.0021996655981077 0.999959688331012
1461243314.38249 -0.137920877372613 -0.220105227275425 6.76417051842942 0.00295180585544004 -0.00150860787588293 0.00178666782664713 0.999992909356134
1461243314.46292 -0.141029626217669 -0.225557246763201 6.89130486959966 0.00446711204433131 -0.00149473153641258 0.00174264449808528 0.99998738685934
1461243314.5231 -0.144958262556151 -0.22853405362083 6.99097135327414 0.00165804850906859 -0.002604955014752 0.000697976111081024 0.999994988944375
1461243314.58248 -0.147761239729525 -0.232625748249129 7.08754290183435 0.00464985705719114 -0.00301976433994247 0.00106481311410069 0.99998406288586
1461243314.64247 -0.151038777154808 -0.23680440879546 7.1852910459486 0.00407521340201211 -0.00334452502753125 0.00199666690570907 0.999984109928421
1461243314.70237 -0.154806580023222 -0.241311997907012 7.28722330615685 0.00581780089240066 -0.00324018610905735 -0.000822169326676242 0.999977488958803
1461243314.76276 -0.159642068985632 -0.243402146879301 7.3855295097407 0.001219375267107 -0.00348322774039078 -0.000634529159720374 0.999992988786027
1461243314.84263 -0.16552446910187 -0.249286032170198 7.5231712679287 0.00480233261571707 -0.00292871037007858 -0.00216754944140599 0.999981830828158
1461243314.9224 -0.168211156341952 -0.253810224177027 7.6574907329017 0.00185534902253647 -0.00216540932867253 -0.0018536110003229 0.999994216387627
1461243314.98228 -0.170944242557269 -0.25879852119893 7.76151680864211 0.00322838649684585 -0.00183993577996383 -0.00246693098558097 0.999990053154763
1461243315.0427 -0.174642791781954 -0.261409698150092 7.86412750119009 0.00306469546826453 -0.000559999488912003 -0.00267551090304812 0.999991567806283
1461243315.12232 -0.177539630768829 -0.26709607443557 8.00077956542438 0.00357246042601396 0.00125780962256138 -0.00187819198282372 0.99999106387824
1461243315.2026 -0.181205633542514 -0.272056266275881 8.13727704740202 0.00315024276690252 0.00238206538329818 -0.00171074551012551 0.999990737499513
1461243315.24267 -0.18227330732261 -0.274912141634786 8.21135611881272 0.00416920665099968 0.00296390218523161 -0.00158810563871924 0.999985655357225
1461243315.3224 -0.186140823236056 -0.280717007354123 8.3571311484287 0.00380177924412781 0.00394571434788859 -0.00319232667098316 0.999979893229504
1461243315.38255 -0.188044553830995 -0.285302645146179 8.45849058708118 0.004104131325871 0.00487884666361489 -0.00069517575744115 0.999979434634513
1461243315.44252 -0.190441392502637 -0.28918760585752 8.56988690612263 0.00378647786355398 0.00467260969914822 -0.00166971727767592 0.999980520484375
1461243315.50237 -0.19173134664496 -0.293386175600951 8.6767173611576 0.00309970179463456 0.00468450269692475 6.73993378706985e-05 0.999984221245814
1461243315.56266 -0.194379563168391 -0.297712015849846 8.78810247724446 0.00360925339870193 0.00466272561352162 -0.00106608150994525 0.999982047713843
1461243315.62299 -0.196025392483943 -0.301293280321963 8.89359195248093 0.00316314046090258 0.00431397865926601 -0.00175221876524315 0.999984156804472
1461243315.68265 -0.196656082046359 -0.305879299699474 9.00054032972814 0.00330942845730335 0.00376915251460705 5.70947817717436e-05 0.999987418877255
1461243315.72268 -0.198472086391833 -0.308901516556439 9.0720669980012 0.0044484127580089 0.00341651806458563 -0.000963580955565139 0.999983805138859
1461243315.78273 -0.202805302891909 -0.312762724424173 9.18025948749994 0.00197554662808147 0.00199028140492788 -0.000452896951346931 0.999995965431762
1461243315.84254 -0.204659386484447 -0.316629994006587 9.2904103889203 0.00195063686391023 0.00243722132362973 -0.000173233477974749 0.99999511246716
1461243315.90282 -0.207976528736641 -0.321314724340688 9.40176651056928 0.00487152786680332 0.00107427565436931 0.00056758198228073 0.999987395919946
1461243315.96258 -0.210224743560232 -0.324940364209102 9.5092942228519 0.00214609170318648 0.00239884625775649 0.00109162068266521 0.999994224078979
1461243316.02265 -0.213412978233219 -0.328764049076033 9.61730395482562 0.00238597653367868 0.00207461089092378 0.000622909251663707 0.999994807531367
1461243316.08275 -0.215706573887974 -0.332890802636409 9.72136063128409 0.00388861184473292 0.00307933138859368 -0.000169909891559102 0.999987683697529
1461243316.14258 -0.218219728011055 -0.337303481063216 9.82512262327631 0.00317561393226785 0.00288135467095599 0.000350877787953935 0.999990745035269
1461243316.18247 -0.218597498250683 -0.340083840632779 9.89934714680769 0.0030554785656574 0.00347297660803632 0.00101842093910264 0.999988782588588
1461243316.24253 -0.221013740399265 -0.344145144385329 9.99814512346231 0.00300554934254262 0.00426308750595554 0.00125232044807237 0.999985612122275
1461243316.30224 -0.225435994917803 -0.347965381498757 10.099384366784 0.00223471262899671 0.00491794203534303 0.00205800152241992 0.999983292128092
1461243316.34391 -0.229542478532105 -0.351419496977174 10.1642902840607 0.00281484362079759 0.0050197334838261 0.00246154087201059 0.999980409681948
1461243316.38352 -0.228567278172833 -0.353852613231849 10.2314089683198 0.00292957105361812 0.00453359684746601 0.00261554871205287 0.999982011347205
1461243316.4223 -0.22899364102231 -0.356201417207353 10.3000490052497 0.00194323722071258 0.00483858758455721 0.00259143011670572 0.999983048050936
1461243316.46264 -0.231589904310412 -0.358783622702746 10.3669162669891 0.00173965398385058 0.00504180865408192 0.00248884369883146 0.999982679563279
1461243316.50295 -0.232629666597391 -0.361961824525512 10.4341904889399 0.00340886849218827 0.00483755039414422 0.00295974181401387 0.999978108585474
1461243316.54239 -0.234111230026429 -0.364895056153467 10.5049712930052 0.00302272568295186 0.00522660402314541 0.00310669797026272 0.999976946818052
1461243316.5826 -0.235165533012184 -0.367307138156348 10.5735510219448 0.00136469620065573 0.00491176130389095 0.00332941717430797 0.999981463421424
1461243316.6438 -0.237434421787988 -0.371259883093855 10.676272205678 0.00151297985322326 0.00480869369178501 0.00488540933689836 0.999975359762706
1461243316.70377 -0.238758559702048 -0.374759151723671 10.777585124482 0.00292546866983914 0.00433836549670399 0.00314081706422119 0.999981377569627
1461243316.76369 -0.24195636557174 -0.378092009556438 10.8791888418373 0.00263754897024022 0.00378822532024194 0.0025445077475092 0.999986108985858
1461243316.84379 -0.244678527387462 -0.383941891922737 11.0147722362082 0.00375213159940625 0.00377311498677524 0.0019291585763642 0.999983981601178
1461243316.92231 -0.248724925272618 -0.388673567413818 11.1499174576543 0.00224239121728035 0.00323775972240248 0.00298574873962616 0.999987786874456
1461243317.00272 -0.250928643800028 -0.394071918465879 11.2871465237951 0.00370992203998293 0.00366748989218682 0.00153734882416516 0.999985211168116
1461243317.06229 -0.252374775026847 -0.397795090127111 11.3909988696192 0.00238799559336627 0.00492594754229761 0.00191824832025181 0.9999831762791
1461243317.12244 -0.253815318700819 -0.401630273518426 11.4941661753372 0.00289202065456804 0.00481933910625411 0.00325551540906901 0.999978905680782
1461243317.16262 -0.255202624841302 -0.404489513426233 11.5657906605438 0.00297789683744473 0.00513255359301993 0.00221794298563793 0.999979934675168
1461243317.20241 -0.256801985036941 -0.407059128082483 11.6363448680594 0.00253576512193713 0.00492303429571482 0.00215918684652551 0.99998233561435
1461243317.26234 -0.25853459017429 -0.41092431538687 11.7372478939897 0.00245120387093735 0.00507484663683714 0.00225121879348281 0.999981584603006
1461243317.32246 -0.260387289689336 -0.414383873595379 11.8390254384554 0.00190832305291856 0.00501406032212851 0.00201118672950699 0.999983586180369
1461243317.38265 -0.262824575605122 -0.417699026434143 11.9392640707832 0.0025787425294483 0.00448819737951965 0.00153615914515674 0.999985423086922
1461243317.42233 -0.263612355206535 -0.419635939034202 12.011441212884 0.0020635975890115 0.00449182830443508 0.000494458577388265 0.999987660200959
1461243317.46219 -0.26540949821429 -0.421915793474003 12.081304522631 0.0013732823866868 0.00483753642383526 0.00181723441501195 0.999985704895783
1461243317.52224 -0.268267596335841 -0.426681453744167 12.1825778439679 0.00405114673151259 0.00479370393565499 0.0024995668453785 0.999977180128788
1461243317.56232 -0.268925866420846 -0.429519521734365 12.2520209075437 0.00418236138659447 0.00383065102788493 0.00252852024256759 0.999980720089801
1461243317.64285 -0.272280935563311 -0.433903772513914 12.3867569091648 0.00272852047059593 0.00390242746183132 -0.000244223326184908 0.999988633230855
1461243317.70224 -0.275628103883489 -0.436945317700701 12.4877084172823 0.00344927776970054 0.00326792171193103 -0.00421796788416007 0.999979815755038
1461243317.76221 -0.279624586198186 -0.440349398781508 12.5917413322737 0.00395530797305612 0.0029668111405167 -0.00670391376475502 0.999965304953492
1461243317.82214 -0.283248619206327 -0.444105787908332 12.6971374021002 0.00470417740562522 0.00244388298240161 -0.00433839770595682 0.999976537952891
1461243317.88221 -0.285703105796427 -0.448354828563071 12.808616598508 0.00198019462543522 0.00249859944911996 -0.00453584134790802 0.999984630868547
1461243317.92256 -0.288460361176819 -0.451059804570801 12.8810074074432 0.00233222105122033 0.00126772489087135 -0.00659207552433916 0.999974748760613
1461243317.96258 -0.290598856818337 -0.454579844143538 12.9533522924361 0.00373768326003973 0.000834271712831993 -0.00721450503547482 0.999966641759439
1461243318.00264 -0.292973410543271 -0.457463653614295 13.0231151514338 0.00374058787401917 0.000761085535631015 -0.00884029392783864 0.999953637902495
1461243318.0423 -0.296193922691402 -0.461036419106451 13.0910627148018 0.00435743418395145 9.00070596399593e-05 -0.0091025876466952 0.999949072485292
1461243318.08234 -0.299327127407666 -0.46400194203028 13.1637482561162 0.0056241070838632 0.000176546376241788 -0.011786530638094 0.999914704335527
1461243318.12226 -0.300862209871274 -0.467655076015868 13.2338235064718 0.00718128856758604 -0.000298154670363943 -0.0108704788249167 0.999915082838747
1461243318.18224 -0.304096692126081 -0.470920828494278 13.3391528001961 0.00543854370992568 0.00053839044061755 -0.00951320639497176 0.99993981382988
1461243318.28221 -0.30952076404417 -0.480031876795021 13.5070959048456 0.00981134992405513 -0.000268391664301166 -0.00412663590298541 0.999943316520845
1461243318.34225 -0.313403221155576 -0.484830607530968 13.6071966114266 0.00925150153807237 -0.000823459843350554 -0.00666175945032408 0.999934674163369
1461243318.44269 -0.319070715156668 -0.493116113418636 13.7761576439583 0.00831299713529762 -0.000204784291463574 -0.00627863525851085 0.99994571396717
1461243318.56267 -0.323343709737703 -0.502849565933353 13.9762515668409 0.00977706778074566 0.00191955996958857 -0.00531655096965424 0.999936227226977
1461243318.64293 -0.325265317442363 -0.509359047162778 14.1067105795007 0.00762745597554787 0.00348720027626293 -0.00390043016951787 0.999957223082101
1461243318.72351 -0.328023215822323 -0.51603472156087 14.2436371994726 0.00887889977589145 0.0035201722304175 -0.00204733629418013 0.999952289832038
1461243318.8044 -0.329201125565308 -0.520834983341222 14.3363415026276 0.00873538270999349 0.00318427747429044 -0.00174589353501048 0.999955251659614
1461243318.85205 -0.332386086582862 -0.525926189033715 14.4333263363334 0.00937329103137634 0.00277787751200421 -0.00273381010360741 0.99994847421959
1461243318.90275 -0.335814164200615 -0.530855751706092 14.532627526625 0.0091657666125088 0.0027170514363079 -0.00508284928272547 0.999941383780603
1461243318.9424 -0.337839889984272 -0.533963719833251 14.5937884625378 0.00912156698459822 0.00252440928695389 -0.0051777258571217 0.999941806070956
1461243319.00231 -0.340054722495783 -0.538489634219336 14.6885241760689 0.00829509187000004 0.00282087635486899 -0.00660241715481367 0.999939819286727
1461243319.0821 -0.342260204699315 -0.54453753954282 14.81368799789 0.00760442442372564 0.00454058812336282 -0.00522426242468516 0.999947130037781
1461243319.16207 -0.343517323743398 -0.54947281639088 14.9357631370202 0.00857410045118664 0.00694369544812763 -0.00721618534691267 0.999913094505725
1461243319.26292 -0.345963303190575 -0.55860102044146 15.0886745651766 0.0101688202302546 0.00921546814859487 -0.00628723730420056 0.999886063953793
1461243319.34266 -0.346987921969406 -0.56476546326569 15.2091592400403 0.00888828699660673 0.00982232311525371 -0.00527594359929203 0.999898337203349
1461243319.42209 -0.348451699378519 -0.571130348828477 15.3295678607591 0.00889955684816172 0.00971380880419141 -0.00309421990817204 0.999908428612131
1461243319.52457 -0.350262087410938 -0.579227966245861 15.4765977332695 0.00932432819449845 0.00813426004621069 -0.0024759306560406 0.999920377072399
1461243319.60218 -0.351481100576627 -0.584961115811592 15.5978563139529 0.00857345286727382 0.00677147051091302 -0.00292713931273711 0.999936035428515
1461243319.68215 -0.355078212536802 -0.590245443378848 15.7168385357995 0.010479356967072 0.00467962816106116 -0.00265910229245322 0.99993060425853
1461243319.76266 -0.358440012342488 -0.594577731773437 15.8415703970209 0.00727110492763752 0.00374169096595593 -0.00340269089015367 0.999960775468994
1461243319.84204 -0.362965541730657 -0.602220036337949 15.9686122745545 0.0125628064610803 0.00106584116258157 -0.00244507727958177 0.999917527335897
1461243319.90209 -0.365055546594134 -0.607289763315017 16.0629891782158 0.0103320017579807 -0.000310852124104568 -0.00231064218135275 0.999943905448371
1461243319.96208 -0.365571571316222 -0.610782789251577 16.1616565434823 0.00439071342495686 -0.000360455593661515 -0.00211916942924504 0.999988050342761
1461243320.00218 -0.367069583818942 -0.614531410923148 16.223488515738 0.00797638395312805 -0.000251952820760032 -0.00278863967117681 0.999964268015409
1461243320.08303 -0.371617302556418 -0.620355461960435 16.3450152699376 0.0104706830158276 0.00146498705308271 -0.00687346237919016 0.999920483901114
1461243320.12221 -0.374098542909351 -0.624063509233487 16.4095172977651 0.0109488564157313 0.00259607575373565 -0.00925744399857754 0.999893835696811
1461243320.16261 -0.375127583220044 -0.626996925071147 16.4745768286256 0.0106696594210774 0.0041214059565259 -0.00806089653036847 0.999902092371001
1461243320.22235 -0.374637102928927 -0.630428870778309 16.5697186017834 0.00687518034447662 0.00775242233012661 -0.00218312752802895 0.999943931326873
1461243320.2824 -0.37456247128493 -0.634538278897138 16.6704772818131 0.00578648416264062 0.0105596039667038 0.00258390305132578 0.999924164529552
1461243320.34237 -0.37494356184747 -0.640000444289985 16.7666540646911 0.0104527214966752 0.0135113692162899 0.00441381872501451 0.999844338744525
1461243320.4024 -0.373012967973339 -0.646339940198162 16.8676602709144 0.0133100892455111 0.0169809799044694 -0.00178211733948122 0.999765628486771
1461243320.4422 -0.371964851501218 -0.650297346526831 16.9333605862385 0.0112954020935939 0.0196780099663721 -0.00311619022693772 0.999737705187604
1461243320.50207 -0.369378831591735 -0.65504960859843 17.0301578404004 0.00963713419371415 0.0257699012627689 -0.0017200630090469 0.999619967395952
1461243320.5821 -0.36191810870935 -0.661019822286537 17.1617812671999 0.00781664053756923 0.0325888851662871 -0.000493177759237216 0.999438152898929
1461243320.66205 -0.353060351763772 -0.668619213458625 17.2967742986303 0.0115419250352869 0.0373756881889461 -0.00137862621671102 0.999233677018863
1461243320.72408 -0.346941281440831 -0.672979256940814 17.3934970126523 0.0086152338826671 0.0418310513766675 -0.00339588353710293 0.999081782869086
1461243320.80206 -0.336665284054504 -0.679282592699012 17.52609656644 0.007412471660407 0.0473986332959188 0.00111623145787306 0.998847925788954
1461243320.86229 -0.329437699392666 -0.684058728084651 17.6251393746978 0.00845690322685655 0.0496025027454734 0.00151347655935412 0.99873208714745
1461243320.92403 -0.322620381496385 -0.688597478837562 17.7189527116738 0.00814964288533239 0.0511666579210892 0.00241978058476936 0.998653944617428
1461243320.98228 -0.314795101666188 -0.692637157359094 17.8142732806657 0.00832000617456292 0.0510718522257703 0.00147972035967299 0.998659228082904
1461243321.0266 -0.311465610455358 -0.695665190494579 17.8762607298767 0.00726199588257797 0.0510495039367229 0.00304718127012983 0.998665072108724
1461243321.06355 -0.30527138105107 -0.69820092794472 17.9414068119645 0.00737079379816852 0.0495848970934868 0.00407554540476749 0.998734398781111
1461243321.10269 -0.302282662048117 -0.701296240574203 18.0036343215566 0.00750286683989278 0.0477731247514405 0.00426852335009261 0.998820912500873
1461243321.16251 -0.298310708908381 -0.706201017284559 18.0973209928043 0.00823141584748281 0.0433240038742878 0.00740736207788883 0.998999702436639
1461243321.22417 -0.295209494880437 -0.710261093146041 18.1904830652058 0.00651236689151687 0.0373709943048564 0.00781496116948746 0.999249680632451
1461243321.26206 -0.293842786522842 -0.712899195891083 18.2548792251773 0.00675100663019694 0.032863439483321 0.00538936797360147 0.999422519742101
1461243321.32446 -0.293465239760198 -0.717587225071605 18.3427952759925 0.00801060881387571 0.0275887427386512 0.00630075151505417 0.999567402405099
1461243321.36238 -0.293699636184844 -0.720316093471624 18.4037795620181 0.00788930691956575 0.0247746435915915 0.00554411434171809 0.99964655687268
1461243321.40204 -0.293739701661068 -0.723547462673308 18.4654669051656 0.00787932932573614 0.0217091464233766 0.00581732689392157 0.999716353691763
1461243321.46248 -0.29386960186222 -0.728540841239394 18.556006354032 0.00835477918815778 0.018594189609907 0.00574055059422985 0.999775724778484
1461243321.52417 -0.293484613731332 -0.732747694639971 18.6423644221578 0.00775583254375471 0.0167623500584004 0.00837481006475628 0.999794345472334
1461243321.56198 -0.293932246226896 -0.735374318095729 18.6978934538713 0.00751595026758696 0.0165470553747172 0.00752513091813696 0.999806520210119
1461243321.60201 -0.294629366969352 -0.737995455197529 18.7573530665578 0.00743770957705964 0.0150394700220359 0.00599592329773405 0.999841259261445
1461243321.64199 -0.295783991554394 -0.740773748523678 18.8122914725113 0.00838464610262319 0.0135971093823854 0.00554629160752408 0.99985701726576
1461243321.68207 -0.296261970953672 -0.743718074326869 18.8675922909942 0.00845191028307621 0.0132363599518566 0.00526178054061044 0.999862829418783
1461243321.72464 -0.296457432880434 -0.746554385866529 18.9210653974029 0.0083475420160046 0.0124061076000256 0.00453169794602903 0.999877927924321
1461243321.76256 -0.296468215619827 -0.749224316662867 18.9727662025846 0.00786485714376668 0.0119653501423015 0.00402689067864616 0.999889373165623
1461243321.82371 -0.297906246018463 -0.752358939547912 19.0448737100947 0.00711601186783094 0.0118921360783062 0.00304925651331646 0.999899315685988
1461243321.90253 -0.29844291678544 -0.757424378652569 19.1378403316349 0.00662929538108421 0.0121804349913278 0.00300148850392999 0.999899335189765
1461243321.94219 -0.299890255804756 -0.759464854895088 19.1826002258025 0.00745030081090096 0.0133792729003883 0.0022391418659022 0.999880229986666
1461243322.00222 -0.298455840396345 -0.762063519697024 19.2466507761195 0.00479693537173977 0.0156004961172984 0.00303742356663793 0.999862184498449
1461243322.04262 -0.297027520993632 -0.763808988085114 19.2893389550909 0.0035117834683402 0.0180013968141059 0.00152027318196901 0.999830638587888
1461243322.10249 -0.294671093903788 -0.766197845951755 19.3448806769538 0.00257198898780581 0.024456186907188 -0.00137355527899686 0.99969665055981
1461243322.18231 -0.284967920764061 -0.769120683006349 19.412823512569 0.00292575743032688 0.0417548421504119 0.00254780662626781 0.999120354002384
1461243322.24195 -0.274161910635441 -0.77067184023842 19.4581798940333 -6.20038516834248e-05 0.0642484620254871 0.00166990420396302 0.997932534143883
1461243322.30192 -0.256328021860333 -0.772649640483898 19.5033660541326 -0.000762997550077496 0.0951365115031094 -0.00184864337939495 0.995462226571864
1461243322.34204 -0.242715672586835 -0.773552459107303 19.5287647626025 -0.00166366134738536 0.121053151695737 -0.00353128695372657 0.992638351419036
1461243322.38184 -0.226539731591834 -0.775085595892152 19.5556400130217 -0.000300723114381529 0.151306814792199 -0.0100986164674735 0.988435215534377
1461243322.42445 -0.211196100578099 -0.776147868075107 19.5786284265367 6.06147415589506e-05 0.187224508155812 -0.0168957795120828 0.982171834510818
1461243322.4619 -0.19313099559117 -0.778615940861977 19.6012611408395 0.00161066989847202 0.225106147681004 -0.0189754201901262 0.974148120897076
1461243322.50191 -0.173843234740019 -0.780762905576543 19.6210680468495 0.00291386092927515 0.264575566593762 -0.0231219812634869 0.964083322622337
1461243322.54236 -0.153018464435107 -0.783460836665093 19.6382414020358 0.00539729947037336 0.305378095599338 -0.0262845208781131 0.951853041098654
1461243322.56212 -0.142029226540804 -0.785214012926795 19.647703214612 0.00761989661741772 0.327509057160572 -0.0257368694472989 0.944466711009121
1461243322.60228 -0.121379587502659 -0.788103361275878 19.6648871062887 0.0124348963286055 0.3671763030612 -0.0249744308385377 0.929732872188511
1461243322.64196 -0.0997198048492827 -0.790257258650853 19.6774062516236 0.0188696787799258 0.405618485422116 -0.0237510015946016 0.913538980793849
1461243322.68194 -0.0798245103012647 -0.793267071195726 19.6922220381665 0.024183750964752 0.446411660526637 -0.0241526156007444 0.894174718214941
1461243322.72386 -0.0621941806632647 -0.794650606731543 19.7014385566929 0.027949491928793 0.485672572447082 -0.0207250667208752 0.873448023572652
1461243322.76232 -0.0407436857736787 -0.795876650634655 19.7062610880032 0.0297760115636867 0.521331019627623 -0.0132966765201421 0.85273123286467
1461243322.80204 -0.0171233994375495 -0.796457760406824 19.7091652929787 0.0294030641904167 0.554668038102968 -0.00676433375521302 0.831524546307604
1461243322.84211 0.00642382785943774 -0.79732189733621 19.7042424036177 0.0255329949592975 0.582760808555742 -0.00409562055856172 0.812232190984885
1461243322.86188 0.0175465295528863 -0.79784776077608 19.7023094642972 0.0235136131596377 0.59700202195883 -0.00348530061086187 0.801887491143801
1461243322.88225 0.0292986194309375 -0.798346850849439 19.6993920482927 0.0222840672647384 0.611153603026411 -0.00197257004112794 0.791195805614141
1461243322.90197 0.0423577779837174 -0.798608320680329 19.697051763604 0.0217798026985627 0.625345074672165 -0.000192566770449456 0.780044319699667
1461243322.942 0.0663122277146826 -0.799264493842857 19.6922331997951 0.0193591024103086 0.65154968800243 0.00311385058750221 0.758352512458634
1461243322.98256 0.0927098643787367 -0.799572281183101 19.6825188878126 0.0181158763379259 0.678389828582099 0.00749865629155554 0.73444048476012
1461243323.02403 0.116064403589707 -0.80084509620523 19.6774492222415 0.01796567298091 0.703454200391424 0.00790779539840039 0.710469485142003
1461243323.06201 0.140565558363612 -0.800677027910764 19.6701000417645 0.018343257254706 0.723444475420387 0.00903947152965716 0.690079635876522
1461243323.12431 0.177462713071428 -0.801431959872819 19.6590463590906 0.0189061017660188 0.746510163219288 0.0125018465797415 0.664987849030658
1461243323.20206 0.230455104946287 -0.802698774318934 19.6418552048476 0.0201051238670055 0.767754852341104 0.0162335581648718 0.640222416266636
1461243323.28247 0.289772103398334 -0.804097454930823 19.6249259846419 0.017920252916559 0.777189181091655 0.0177226957532001 0.628762075339098
1461243323.36186 0.347430867597279 -0.805730466098638 19.6120113877441 0.017669075650153 0.784956434575875 0.0157467307660354 0.619098732072503
1461243323.44336 0.416602481495865 -0.807794840396513 19.5918816465457 0.0179036163879796 0.79298829757982 0.0158687486130238 0.608766953143112
1461243323.52195 0.480951709654864 -0.809340375252369 19.5727258661203 0.0184524767809435 0.799907797190692 0.0161870021080766 0.599620716000487
1461243323.58196 0.538198673610928 -0.810804448816305 19.5542840296604 0.0175094095069445 0.80472276443244 0.0167681269370467 0.593155563829552
1461243323.6419 0.592497512584224 -0.812069310778398 19.5364508376157 0.0188175619736893 0.807974002670058 0.0171293789454965 0.588668408144715
1461243323.724 0.665598290575517 -0.813331394992752 19.5139840940679 0.0191072583742475 0.809959377319296 0.020789898351143 0.585805855123101
1461243323.78196 0.725303389651206 -0.814077085289138 19.4962702971671 0.0182997191436691 0.809696329629817 0.0224605832837863 0.586133514023741
1461243323.88232 0.819973975862052 -0.816180264424823 19.4682913832979 0.0165299688571966 0.809227510093344 0.0198986298488487 0.586925584352774
1461243323.96198 0.899858378151336 -0.818862077441691 19.4446576519829 0.0224292885979896 0.808754655594012 0.0197834801297679 0.587385263674494
1461243324.08194 1.02216173334447 -0.821546471789405 19.4112282060664 0.0231984368344312 0.804527957456216 0.0216960038636442 0.59306482075412
1461243324.18185 1.12791836807488 -0.823658057209956 19.3849462581407 0.0224474609550089 0.799676423893975 0.0240287098749481 0.599530107389581
1461243324.28192 1.23241244333974 -0.828039877740772 19.360347820344 0.0264983811425115 0.794908626725774 0.0198590819480537 0.605824832619092
1461243324.36216 1.32162403520963 -0.830274063650345 19.341500915422 0.0267499461842267 0.790168712560018 0.0266409626052027 0.61172551457484
1461243324.44229 1.40826494491374 -0.833726643427845 19.325314692219 0.0268983419897907 0.784348121331316 0.0208198502983406 0.619387631129158
1461243324.50195 1.47740000831381 -0.835696363098996 19.3130586202689 0.0279412398660017 0.780663069302072 0.0223913963073786 0.623925544207019
1461243324.5619 1.54620504201298 -0.837332885323629 19.3023193293228 0.0228126329179838 0.77637698849943 0.021565039386515 0.629486540431298
1461243324.62184 1.61290972523556 -0.840238810006018 19.2911378418666 0.0268365574286203 0.774234775233222 0.0205906637709102 0.631993937131058
1461243324.68202 1.67936174219495 -0.842455097529048 19.2814059367283 0.0253576049793173 0.771570704769257 0.0193105621781685 0.635344584930059
1461243324.72178 1.7244851875383 -0.844092255055214 19.274520369455 0.025096321870046 0.770312975610977 0.0189023265655433 0.636891510607864
1461243324.76179 1.76858489165454 -0.845585097889457 19.268159026841 0.0245284395949062 0.769850436045773 0.0184065405287851 0.637487145781729
1461243324.80195 1.8154049154386 -0.84681243501461 19.2611602814417 0.0238673604135836 0.769477714258266 0.0185224704574899 0.637958709051702
1461243324.84206 1.85971949992069 -0.847736807613004 19.2541779468546 0.0234756555070813 0.76982895504505 0.0210645549019868 0.637470437039664
1461243324.88185 1.90461857521114 -0.849153808966805 19.249124222646 0.0224191353055625 0.76978764791656 0.0209897947049157 0.637560811221555
1461243324.94199 1.97007761280625 -0.850890017528132 19.236755644717 0.0224195284046899 0.770205436435907 0.0204961319804491 0.637072098749055
1461243325.00184 2.03548406547646 -0.852892441587249 19.2254977829138 0.0244903021332336 0.771425002114228 0.0222164439695671 0.635460558045764
1461243325.06182 2.10247403183689 -0.855906701589152 19.2141992658884 0.0244676522625464 0.772116905177168 0.0193918213941429 0.634713144653086
1461243325.12376 2.16907929093481 -0.858595751169106 19.2025926135103 0.0271082310954843 0.772826031131192 0.018384186322164 0.633772112912958
1461243325.1819 2.23415463071434 -0.860938263344569 19.1899950637094 0.0318347920423874 0.774416665867714 0.0237999187921992 0.631426114052497
1461243325.24257 2.30171812311692 -0.863683003074518 19.1772463110862 0.0303570196192845 0.775437083562505 0.0223427059615782 0.630298805556719
1461243325.30165 2.36944430186645 -0.866578566643715 19.1626429530515 0.0319325736308433 0.776018170555957 0.022260662481465 0.629508199004733
1461243325.36301 2.43423936020382 -0.868506426868435 19.1502892118919 0.0330509704343658 0.778271797686441 0.025163370681289 0.626552030604976
1461243325.42358 2.5001676002836 -0.870972789868306 19.13713079938 0.0299804674317067 0.779497748983054 0.0241287984449975 0.625221746253703
1461243325.4818 2.56420748580454 -0.873660400549164 19.1233227021734 0.0329450383158671 0.780900085172444 0.0257902814106124 0.623253193182993
1461243325.60204 2.69309821195857 -0.877163859636069 19.0965303176495 0.0263250147880437 0.782616903840429 0.0235895998336797 0.621499240706951
1461243325.64181 2.73492910260966 -0.878534958887301 19.0873254842469 0.0280822036639154 0.783564831243797 0.0236367416078396 0.62022483787851
1461243325.68171 2.77613364702225 -0.88005270480849 19.0784706397278 0.0264849586482137 0.784689561177342 0.0202759425649566 0.61899089306533
1461243325.74304 2.83688111419638 -0.88181127048296 19.0652113035666 0.0236248966112063 0.785850561493122 0.0198612315348261 0.617645764773769
1461243325.80172 2.89755524384635 -0.884027777020431 19.0511197613282 0.0255845611205004 0.787493720411186 0.0207295568523975 0.615442406743249
1461243325.86194 2.96096009433381 -0.8861468322331 19.0375178736269 0.0237805092568001 0.78825746748329 0.0170929200821091 0.61464826073079
1461243325.92365 3.02489008237991 -0.889239942013239 19.0224526417438 0.0270983940576105 0.78960269923012 0.0163097367061668 0.612802779772239
1461243326.04173 3.14688338432889 -0.892448690285025 18.9927995385088 0.0262912982422768 0.791208628824018 0.0244397175839467 0.610491911097575
1461243326.08171 3.18891991383702 -0.892595796440633 18.9822160641807 0.0236776213330408 0.791818217121606 0.0262829561128307 0.609731488034153
1461243326.12405 3.229155375216 -0.893566238679307 18.9728916334798 0.0232964074891651 0.791357398348457 0.0258466053496912 0.610362759733224
1461243326.18216 3.28999239774377 -0.896381166259516 18.9572646233411 0.02977383744065 0.791429233636859 0.0261983820723852 0.609972894091059
1461243326.24298 3.35078481501741 -0.898243006330802 18.9432577148788 0.0275276907376998 0.792057837476433 0.0216378257832391 0.609441065920389
1461243326.30163 3.41084620194757 -0.898899648806739 18.9283896003666 0.0240342052926607 0.792598734271989 0.0254304718887015 0.608738773617969
1461243326.42366 3.5317694201811 -0.902518974891884 18.8972874169277 0.022817872682587 0.797228154453514 0.0209054229733786 0.602884381721063
1461243326.48202 3.58993380122062 -0.904225578384874 18.8811807635886 0.0239894044356416 0.79982507234988 0.0224088023811521 0.599334804338256
1461243326.54321 3.64872556050984 -0.905770473487284 18.8650949539922 0.0258083608565783 0.801324449531929 0.0239047503905439 0.597194790668015
1461243326.62165 3.72699055023583 -0.907613172730815 18.8433184796666 0.0260223577794232 0.801929234839861 0.0249202256447184 0.59633155338165
1461243326.68177 3.78546383170045 -0.908683731690235 18.8286953997623 0.0216612091478642 0.801828341725933 0.0225024834899056 0.596737581068999
1461243326.76184 3.85980563942102 -0.910871912810467 18.8080385112866 0.0226370084093185 0.802834797377509 0.0226685933084336 0.595340229488573
