1461243310.02414 5.90045425129496e-05 -4.73850258224631e-05 0.000104788298324567 4.29161444977953e-05 5.22378997011079e-05 -7.57007892438881e-05 0.999999994849398
1461243310.16334 -0.0115605170384094 -0.00755492543414864 0.266035470430605 0.000672123892195726 -0.00123345607684455 0.00153559681044811 0.999997834386663
1461243310.22422 -0.0165256248661317 -0.00963008007462864 0.355515924954231 -0.000326149049596888 -0.00205908747998797 -7.86522339681135e-06 0.999997826859481
1461243310.30263 -0.0237100630135432 -0.0130200216457009 0.465624117958302 0.00173105307751072 -0.00371391850890647 0.00127260740593127 0.999990795325108
1461243310.40312 -0.0332562749768717 -0.0166281438483034 0.609480126616426 0.00115417758145708 -0.00352611864236768 -0.000103740181765922 0.999993111775979
1461243310.50281 -0.0411452193005252 -0.0199338578647285 0.755027982391419 -0.00025335124764886 -0.00187592174214299 0.000981884132041702 0.999997726314572
1461243310.58255 -0.0469960153638847 -0.0233035631343284 0.88041486919386 0.000873622536483625 -0.000412355214029033 -0.000861402698146012 0.999999162365766
1461243310.64298 -0.0511509375523925 -0.0267441424348191 0.979860993459298 0.00105216845259003 0.000109887147112421 -0.00193238570072762 0.999997573372989
1461243310.70302 -0.0553472301248624 -0.0285412692364635 1.06099935897516 0.000447930794903941 0.00220145912451495 -0.002239449080024 0.999994968889116
1461243310.76256 -0.0591675294400395 -0.0313129418256133 1.16466617684371 0.00081320304660045 0.00324965092448654 -0.0025618299257051 0.999991107709016
1461243310.80263 -0.0615843336615233 -0.0331675250086205 1.23248461726838 0.00106499040542619 0.0041903463046328 -0.00140899664029149 0.999989660707425
1461243310.86264 -0.0650740929963703 -0.0357653718310218 1.3334029507177 3.68519024243068e-05 0.00472219874707843 -0.000567281437825509 0.999988688772378
1461243310.98256 -0.0720737907156353 -0.0400001691094176 1.51963500384711 -0.00138530776364095 0.00701481417354549 0.00225012918152641 0.999971904716916
1461243311.04263 -0.075819891065784 -0.0427609957235532 1.62057839946972 -0.000758021439153835 0.00673253126255279 0.00023740358053816 0.999977020768896
1461243311.12466 -0.0799095954832831 -0.0471428489179921 1.7533189999491 0.00134633418349898 0.00721114561064741 -4.56860708191332e-05 0.999973091975995
1461243311.20288 -0.0853074392350516 -0.0510490817827245 1.88392955071855 0.00227691696950111 0.00679262713909483 0.000360904321208178 0.999974272475914
1461243311.28295 -0.0897922677761201 -0.0545673824854303 2.01798810943638 0.00018603462158894 0.00587845847109032 0.00152924202229044 0.999981535097504
1461243311.34288 -0.0939591559454894 -0.0572955271316551 2.12039063884913 -0.000161874331345248 0.00589534737199907 0.0022032902820391 0.99998018189762
1461243311.40339 -0.0965227329008909 -0.0595893055208982 2.21157889120059 0.00050005796972712 0.00583837639101818 -0.00068728654171883 0.999982595318715
1461243311.44291 -0.099940475598939 -0.0611361724999487 2.28325085129947 -0.000447555550772747 0.00569100868040679 -0.0014330327797683 0.999982679115634
1461243311.50287 -0.103613038096356 -0.0633613586569267 2.38639901106687 -0.00111428108866982 0.00654706001840504 -0.00168269364873099 0.999976531187035
1461243311.56281 -0.107672488272618 -0.0663054544774044 2.47462931163677 -0.000161974600436236 0.00651769614221964 -0.00237930214954462 0.999975915871231
1461243311.60292 -0.111112329673511 -0.0687933459488614 2.55142789360744 -0.000308794375015542 0.0064815258942427 -0.000450175989556732 0.999978845681095
1461243311.6825 -0.116031872259247 -0.0721523239493854 2.6859536897738 -8.66410127667911e-05 0.00623925931972251 -0.000351427660502485 0.99998047012683
1461243311.82322 -0.126443374664358 -0.0802620089468642 2.92427304736361 0.00281304998432144 0.00713404104285416 -0.00203102556876543 0.999968533076578
1461243311.92249 -0.131364333851123 -0.0830197190563948 3.07881771831709 -0.00337777093889775 0.00745728867990956 -0.00141596337550875 0.99996548668279
1461243311.98265 -0.133062739701301 -0.0860820510624628 3.18594814527047 -0.00314683603405176 0.00715252577311619 -0.00207306442591838 0.999967320066974
1461243312.0426 -0.137241764699347 -0.0895812573198433 3.26996462642862 0.000149191892965141 0.00763368399545248 -0.00198339500985377 0.999968884893261
1461243312.08302 -0.138812591106291 -0.0917097421457678 3.34480983341534 0.000355493770565688 0.00803869804815574 -0.00350351999805964 0.999961488411175
1461243312.14355 -0.143441779888096 -0.0948742493871637 3.4430183914376 0.00067547827699617 0.00816915694628295 -0.00199963068145935 0.999964404406988
1461243312.22536 -0.146399067196793 -0.0987812337214168 3.57359747233681 0.00041723728111364 0.0077795668285233 -0.000321086422709995 0.999969600116184
1461243312.32493 -0.151169724398696 -0.103077398584472 3.7117894538491 -3.41972450282893e-05 0.00731967651518719 0.00122611495707392 0.99997245852492
1461243312.40259 -0.155697130119937 -0.106906132479022 3.85150338905208 -0.00124543129529547 0.00672617387680729 0.00243215897304817 0.999973645697024
1461243312.48289 -0.158985605293614 -0.110640863755048 3.95905539623573 8.77068500905981e-05 0.00618547376333877 0.00267887306278998 0.99997727767232
1461243312.56285 -0.164594889585013 -0.114089602833767 4.0883264027941 -0.00123202125513113 0.00573330382499309 0.00329430793966861 0.999977379187187
1461243312.66249 -0.17058851979179 -0.119106162833694 4.24481262168364 -0.000142561679333578 0.0046221984634627 0.00333930974853577 0.999983731851641
1461243312.7225 -0.175442856114819 -0.121556145760995 4.34735150827993 -7.21531508393825e-05 0.00410123838429859 0.00113765602437873 0.999990940147164
1461243312.76253 -0.177123724534727 -0.122954064888738 4.41992594533597 0.000161410102955599 0.00418052604109996 -0.000301269282613066 0.999991203154117
1461243312.84249 -0.180806895085619 -0.126961548485909 4.55072457312642 0.000279235049255937 0.00442979374952167 -4.52268038255983e-05 0.999990148406303
1461243312.92251 -0.18511438560505 -0.12998405190622 4.68348090408452 0.0001198541736655 0.00553586217660594 -0.00135640352480712 0.999983749885175
1461243313.02263 -0.189327920971495 -0.133966803425853 4.84942796160379 -0.00147038637645157 0.00668338762935356 -2.18747018460785e-06 0.999976584870323
1461243313.12262 -0.194298909361801 -0.139379743034065 5.01758235394836 0.000628963928352002 0.0063329336167682 0.00116437654768471 0.999979071072709
1461243313.22278 -0.204729926740355 -0.142191737472929 5.18229544000297 -0.0034095423516556 0.00644250290087438 -2.29078306922827e-05 0.999973433973401
1461243313.30301 -0.209202194369658 -0.147297087197167 5.33774453271721 -0.000217209858343884 0.00447397315178372 -0.00236399299547058 0.999987173878361
1461243313.36253 -0.214607797291652 -0.149234794781048 5.42443306307136 0.00278378997731875 0.00473229922894421 0.00128129980249694 0.999984106937798
1461243313.40316 -0.21769807344738 -0.150244721380526 5.49731620710645 -0.00525561246608851 0.00352062944503307 0.00298778433471705 0.999975528125907
1461243313.46299 -0.220399135878176 -0.151302040910366 5.59102381795223 -0.00541981114707452 0.00260259201397121 0.00905770912925431 0.999940903287424
1461243313.52283 -0.224456501199544 -0.156938805388316 5.69630393438168 0.00252876872807667 0.00195287126407629 0.0072401771359316 0.999968685238486
1461243313.6024 -0.229913846909254 -0.160439140714759 5.82786152467228 0.00162012163265823 0.000340998997319575 0.00039071215691109 0.999998553133748
1461243313.66242 -0.234652120057932 -0.169187730040049 5.92908643731756 0.0153262978609453 0.000632159465312617 -0.00662935797936498 0.999860368542063
1461243313.7225 -0.239388358672026 -0.172420538541439 6.00838955442146 0.0100170322955104 0.00129292821109893 -0.0102998473232085 0.999895944859139
1461243313.78256 -0.240098704236033 -0.175425602768575 6.1162607615854 0.00321959838577488 0.00056204415345013 -0.0133330289775251 0.999905769875786
1461243313.86254 -0.249117018699071 -0.180847777789356 6.23829233802751 0.0046061029211167 0.0021426526449749 -0.0153163882530628 0.999869792076151
1461243313.92242 -0.254854196058775 -0.182579391798289 6.33631562524825 -0.00301598120102096 0.00075243577068166 -0.0155160783310086 0.999874786666327
1461243313.98243 -0.257807563154844 -0.183968941172519 6.42589485860705 -0.00316335284510258 0.00226364755293266 -0.0164938658399292 0.999856400433676
1461243314.06276 -0.260351918040294 -0.187061324149717 6.55656041583366 -0.00285223578616161 0.00186299048160674 -0.0112573564044815 0.99993083057993
1461243314.14243 -0.2684159533087 -0.191585409249786 6.68058650847459 0.00181951894517544 0.00208080505346089 -0.00254518363812309 0.999992940795777
1461243314.26258 -0.278253533660394 -0.195852269866867 6.86365033225478 0.00442946228614933 0.000381159076505511 -1.13810029943526e-05 0.999990117177208
1461243314.40289 -0.289858754736404 -0.205657966462425 7.09261232620507 0.00609153730217018 -0.00218294306942159 -0.00346039180548919 0.999973076448263
1461243314.50231 -0.298583701237251 -0.210926158891726 7.25194396222459 0.00194108306152338 -0.00252070029358823 -0.00411666720610476 0.999986465567256
1461243314.58248 -0.305632388312593 -0.216217813364691 7.38339439088257 0.00585468005978319 -0.00274916779999941 -0.00322322709428275 0.99997388746152
1461243314.68229 -0.31482495462304 -0.222932303435533 7.5484587413783 0.00709591603224823 -0.0034624654333505 -0.00483169927579752 0.999957156077646
1461243314.78241 -0.325043946278773 -0.227237591605304 7.71272409895098 0.000771800055115238 -0.00268387703651962 -0.00604552121353747 0.999977826155153
1461243314.88288 -0.333638795194101 -0.23421380550158 7.88131352749935 0.00444571079835677 -0.00273829396230293 -0.00582014598644428 0.999969431183959
1461243314.98228 -0.341826556193098 -0.240195224742927 8.05119384090121 0.00488419556613571 -0.00221233210935699 -0.00682977638087519 0.999962301476859
1461243315.0623 -0.34949369130111 -0.245198459477703 8.18853710017155 0.00383599984908111 2.06958824652268e-05 -0.00746889091223495 0.999964749551393
1461243315.14235 -0.354985280237718 -0.250178176247913 8.32565333950235 0.00442415136863897 0.00146573983207582 -0.00740280426669337 0.999961737758201
1461243315.2026 -0.358812337776024 -0.253131724348998 8.41890902000916 0.00463595244178694 0.00204504262219239 -0.00711562027234254 0.999961846119026
1461243315.26239 -0.363165864035147 -0.257312568916885 8.52806052696092 0.00574088588010121 0.00280881642018747 -0.00729713051238526 0.999952951226164
1461243315.3224 -0.368115382311192 -0.261152526794991 8.63683624009831 0.00497126144095788 0.00310804043295816 -0.00765785423195049 0.999953490874908
1461243315.38255 -0.373270751912765 -0.265782934415317 8.74753954207332 0.00528229278757533 0.00403965691261036 -0.00543835490475986 0.999963100744655
1461243315.44252 -0.378381660031281 -0.269167575237166 8.84407785460456 0.00443186305891264 0.00388795735528435 -0.0062686214008649 0.999962972696071
1461243315.48234 -0.38050258697702 -0.271553474536965 8.92283519576453 0.0041044664502044 0.00386538898879893 -0.00482809637971974 0.999972450424747
1461243315.54278 -0.385017650544963 -0.275915977860777 9.03101151727316 0.00468748119059567 0.00391064570550533 -0.00605902672887196 0.999963010598569
1461243315.62299 -0.391737926840036 -0.279913531201922 9.1546788204888 0.00427880967986337 0.00444540051460917 -0.0067979973462087 0.999957857829053
1461243315.70233 -0.39834107874803 -0.286433050605946 9.2960707982449 0.00510847518418431 0.00328071470309316 -0.00488828288060097 0.999969622079995
1461243315.74269 -0.400764355383569 -0.287417876829077 9.37921018152247 0.0045094605268873 0.00247054196055733 -0.00838711340776575 0.999951607587519
1461243315.82235 -0.406160997530913 -0.292490902758083 9.50608633972991 0.00241792711766299 0.00232860040252107 -0.00419898875382678 0.999985549766628
1461243315.86248 -0.410533249851126 -0.29580914450343 9.5884653906211 0.00428560548454625 0.00176496520436835 -0.00638150139688361 0.999968896977991
1461243315.9223 -0.416870563484974 -0.299737092732774 9.69846694133498 0.00427536883331745 0.00206134571684257 -0.00296481394156311 0.999984340854129
1461243316.00252 -0.42193817248129 -0.304130473875137 9.84085769820777 0.00276707308865957 0.00181345879119478 -0.00282518976843587 0.999990536443474
1461243316.10266 -0.428904222949039 -0.310251505566793 10.0137042732366 0.00484127923601725 0.00266966715531699 -0.0032936320991622 0.999979293225732
1461243316.14258 -0.430129182259526 -0.312561103885569 10.0729399616176 0.00365477352981082 0.00245128637799561 -0.00310996885217303 0.999985480854236
1461243316.18247 -0.432446908988311 -0.314214911778022 10.1417632890536 0.00388260426407942 0.00357524401060584 -0.00392184764410166 0.999978380829031
1461243316.30224 -0.441785659429495 -0.320421360177916 10.3391901976062 0.00341492177129012 0.00395956118678629 -0.00160754409627154 0.999985037881309
1461243316.36413 -0.446956634445499 -0.324812660057986 10.4462497700624 0.00439459330218693 0.00468103644472213 -0.00200258681430735 0.999977382291001
1461243316.50295 -0.455392101028919 -0.332871058902685 10.6780182232601 0.00481602571007283 0.0038340282661738 -0.00113188713939506 0.99998041228572
1461243316.62377 -0.463532879458443 -0.339118167982593 10.8691016749308 0.00242159965461253 0.00410389020549101 -0.000956173734695886 0.999988189766301
1461243316.72307 -0.470095782372509 -0.344759529491203 11.0243296297071 0.00375198376405292 0.00350857960563588 -0.00265635144265574 0.999983278002187
1461243316.78315 -0.474779510222274 -0.348619853074755 11.1243022965858 0.00382729465158624 0.0032132233379924 -0.00240960905555194 0.999984610279393
1461243316.86306 -0.480297623860566 -0.353939508924023 11.2559271213883 0.00490074843514525 0.00303575442398742 -0.00369519928625595 0.999976555906231
1461243316.96262 -0.4872362325048 -0.359349607988709 11.4146686774976 0.00420146149566724 0.00355581967950376 -0.00392629721229004 0.99997714376775
1461243317.04232 -0.492406089882409 -0.363538608744248 11.5443140150374 0.00340628982231928 0.00493570398220422 -0.00382623110049911 0.999974697665602
1461243317.10251 -0.495780689777061 -0.366961810400728 11.6497043852549 0.00385545738978822 0.00474363084566709 -0.00277423550758045 0.999977468262192
1461243317.1422 -0.498299480722291 -0.369285727097041 11.7223838507985 0.00429890074438254 0.00478512805269703 -0.00398767997870027 0.999971359795018
1461243317.20241 -0.50169402323473 -0.371997034130314 11.8109308285362 0.00338428262305223 0.00462485989534255 -0.00418843951562784 0.999974806820902
1461243317.26234 -0.506199732198898 -0.375787220939781 11.9114727563913 0.00327599353696197 0.00517263006914909 -0.00370329560229659 0.999974398355376
1461243317.32246 -0.510594162208103 -0.379357854154714 12.0129342279433 0.00305955239676289 0.00466352688304352 -0.00405655327842386 0.999976217233011
1461243317.40241 -0.515804126587383 -0.383924095033479 12.1417310887131 0.00345121934717885 0.00448021789700114 -0.00587978936927559 0.999966721851075
1461243317.46219 -0.519664793187626 -0.387367122114523 12.2443569070354 0.00255677668510364 0.00416499817385978 -0.00277213307465467 0.999984215356128
1461243317.52224 -0.52349425822508 -0.391049930562846 12.3337064490346 0.00603935323825337 0.00431942703310997 -0.00413267843691259 0.999963894213939
1461243317.58221 -0.528373729948428 -0.393721339835101 12.434250031842 0.00386472265025084 0.00375478855158367 -0.00457890597667193 0.999974999238394
1461243317.64285 -0.532735287591105 -0.397593650091571 12.5376796041187 0.00423525471499895 0.00338792630408465 -0.00622341704926874 0.999965926246034
1461243317.74223 -0.541336292808313 -0.403121115396504 12.7004269223584 0.00442329655565102 0.00269189752513101 -0.0117410028980892 0.999917665103604
1461243317.82214 -0.547480081233797 -0.407944614556289 12.8348422453272 0.00520623144171416 0.00251006750273708 -0.00975058913134794 0.999935758299951
1461243317.90286 -0.554214139621836 -0.411889839690863 12.9721233222183 0.00312837107369537 0.00188574720702903 -0.0134059094113899 0.999903464762849
1461243317.96258 -0.558702174393004 -0.415308969073898 13.0637589133094 0.00500077133048218 0.00156244867615132 -0.0144636897585327 0.999881669358331
1461243318.0423 -0.565223379894681 -0.42007270482198 13.1991318092186 0.0057918681833723 0.000986155032511071 -0.0177179324116262 0.999825763136885
1461243318.1022 -0.570272641828819 -0.425542316437712 13.3074019649232 0.00820882595413851 0.000367297840979793 -0.0200709006550202 0.999764791946409
1461243318.16231 -0.574705758332098 -0.428705527720259 13.4128284267374 0.00755919307789813 0.000536097599991753 -0.0160661087047812 0.999842213226897
1461243318.20223 -0.579563738048358 -0.431307438322278 13.47402583559 0.00244136092193772 0.000485488213986491 -0.0147479189002151 0.999888145217332
1461243318.26217 -0.583536141172435 -0.437275573427257 13.5819612362068 0.0108319476062081 2.98549788676262e-05 -0.0107169399986666 0.999883900868897
1461243318.32364 -0.588054127406022 -0.441596274481716 13.6641894505649 0.0118451997577569 -2.25994455818984e-05 -0.0117261579437556 0.999861084327139
1461243318.36231 -0.591354927401458 -0.444465284169689 13.7369081126814 0.00907172010824312 -0.0011614707619105 -0.0147083033851925 0.999849999095602
1461243318.42245 -0.595370599277356 -0.448170213757613 13.825984753512 0.0103598353211851 -0.000220072418540478 -0.0142614951467806 0.999844605494487
1461243318.50269 -0.601796845917075 -0.454047326988374 13.9584027089033 0.00906149990606907 0.00132846376408047 -0.0142542220399508 0.999856460476961
1461243318.58213 -0.606297700379968 -0.460206634197085 14.088906125507 0.0103556614872926 0.00273674383268588 -0.0109066797126887 0.999883150596108
1461243318.66362 -0.611692399725033 -0.465436204412232 14.2178773891739 0.00974671864861043 0.00357362302425461 -0.0100290581553704 0.999895818916442
1461243318.72351 -0.616062801873177 -0.470412796375158 14.3158919457609 0.0103879818936973 0.0037736083010541 -0.00908569881573794 0.99989764465649
1461243318.8044 -0.617762976804273 -0.475285667676748 14.3998762043663 0.0107672983701687 0.00271483486099855 -0.00856895169313684 0.999901629173773
1461243318.86344 -0.62456211507873 -0.481174973570069 14.520138570534 0.011487177157998 0.00289673126297141 -0.0119777549300044 0.999858083477734
1461243318.98238 -0.634268294230171 -0.490788630617623 14.7158240646696 0.0102210874289266 0.00310924416569771 -0.0147303286236151 0.999834425988188
1461243319.14266 -0.641418920321885 -0.501349884828915 14.9538811003764 0.00962595068661688 0.00650051355658453 -0.0146225680011036 0.999825617246294
1461243319.32247 -0.65168031676205 -0.514339039712027 15.216966270273 0.0106415107020116 0.00905635622806149 -0.013718142405962 0.999808258232937
1461243319.46246 -0.65825811886391 -0.524673145822064 15.4166790762965 0.0115154208153802 0.00856709415012571 -0.0106345750592591 0.999840440167618
1461243319.5621 -0.665035550636755 -0.530895067109713 15.5610725839711 0.00995807408312103 0.00697744654871518 -0.00828682541483595 0.99989173440166
1461243319.62482 -0.668734828467475 -0.536225843893667 15.6542803165606 0.0111977086973791 0.00512657150937242 -0.011810594537797 0.999854409122224
1461243319.70207 -0.673469456104299 -0.54281702431905 15.7734894069304 0.0111455160025125 0.00431689146579497 -0.0101547055912826 0.99987700437377
1461243319.78222 -0.678462783370702 -0.548080591945353 15.8949169817079 0.00931725555448158 0.00166606964712352 -0.00793849626117748 0.999923693707662
1461243319.8821 -0.686132474769663 -0.557560830956023 16.0417021403994 0.0133104173321074 -6.8531521426896e-05 -0.00977403849038852 0.999863638835549
1461243319.98243 -0.694049975446054 -0.563600355956231 16.2041368994 0.00915667952216065 0.000757781388773936 -0.0101341047035101 0.999906436077573
1461243320.08303 -0.699515935757015 -0.572191422220109 16.3551387581321 0.0122334579003346 0.00224538567225374 -0.0159299343651586 0.999795748111636
1461243320.16261 -0.702368827321662 -0.579104550444426 16.4797974046821 0.0121136290055594 0.00496639922368642 -0.0167622203940923 0.999773785832839
1461243320.22235 -0.703104901192232 -0.582614513713543 16.5608726084832 0.00759600343468484 0.0081132041173521 -0.0122530752826453 0.999863160035856
1461243320.26241 -0.702664559058146 -0.584993372852507 16.6291841925842 0.00710895416335797 0.00885851116485532 -0.00758298626013798 0.99990673958626
1461243320.32253 -0.706577941999658 -0.591061466913125 16.725591642002 0.0116208821861912 0.012972243556399 -0.00669653932994868 0.999825901022438
1461243320.36238 -0.706327254876574 -0.594150037367288 16.7771104092858 0.014409645313994 0.0133785639954026 -0.00696187653370498 0.999782430543003
1461243320.4422 -0.706641457619397 -0.600580788144706 16.8990578477037 0.0126694108905819 0.0184046227630245 -0.0144721055912995 0.999645594222468
1461243320.52208 -0.706453646569509 -0.606187172738391 17.0313973625065 0.01067689986189 0.026932807502583 -0.0101106269233563 0.999529090578451
1461243320.62301 -0.701519237858748 -0.615273237520956 17.1964834427293 0.013054337002736 0.0323778982478432 -0.012058606961351 0.999317690220994
1461243320.68245 -0.699267394302837 -0.619954045957729 17.2797166023188 0.0121439575274392 0.0361334297270475 -0.0133965673140851 0.999183382335761
1461243320.76256 -0.694203958939506 -0.6244564974107 17.4014814735912 0.00992999655702288 0.0405270940729635 -0.0102585071372999 0.999076429932011
1461243320.84278 -0.689914599595109 -0.630917242704015 17.529311674166 0.0100810215783918 0.0442023750723153 -0.00801243959755923 0.998939599702403
1461243320.90256 -0.684506178027236 -0.635863915947494 17.6161052663529 0.00966067335780804 0.0453486067909208 -0.00691520708469639 0.998900573212055
1461243320.96394 -0.680883826681967 -0.63942311655105 17.6974799094693 0.00979541046195606 0.0457510701716365 -0.00788066770071564 0.998873758083885
1461243321.0266 -0.677206993208433 -0.64312677746694 17.7901750839538 0.0084827979767784 0.0450897451970567 -0.00563748297494463 0.998931016538308
1461243321.04266 -0.675702538723087 -0.645125213627793 17.8328473374994 0.00908034764715568 0.0436926980172116 -0.0031160590088874 0.998998891692497
1461243321.10269 -0.673151237627975 -0.649985384640744 17.9289062282244 0.00906802692252353 0.0411508583882446 -0.00359471462080085 0.999105327664926
1461243321.16251 -0.672917104231477 -0.653809881006935 18.0068259956282 0.00881997802678572 0.0378150074130346 -0.000351391651290728 0.999245770431813
1461243321.22417 -0.671723662619903 -0.657487971774121 18.1008206016291 0.00766612998240636 0.0313226773799455 -0.000215517177293079 0.99947990169147
1461243321.32446 -0.674047953952461 -0.663824942028407 18.2415400307222 0.00944704748378563 0.0234903625010421 -0.00230435356987713 0.999676770820466
1461243321.36238 -0.676054944309752 -0.666593259524922 18.3042001305201 0.00924164021369356 0.0210276989053074 -0.00371042876391781 0.999729293700698
1461243321.42458 -0.677729838382754 -0.670508569509847 18.3795677517591 0.00997919306411358 0.0181126887445401 -0.0010023151690226 0.999785647814838
1461243321.48209 -0.680084824075838 -0.674505552325875 18.4668135547529 0.0090021514883283 0.0154223051208204 -0.000956106471115628 0.9998400870308
1461243321.54196 -0.682124241305333 -0.678540487430266 18.553395208492 0.00834528102868038 0.0147218489469778 0.00172561949784359 0.999855312375487
1461243321.60201 -0.685000626999011 -0.682683343842742 18.6356741203794 0.00864751209533529 0.012747781450724 -0.000284771179130053 0.999881309710318
1461243321.66216 -0.68775975568359 -0.68716047573192 18.716259100381 0.00968389678774493 0.0118127309118301 -0.00161385768356475 0.999882031539114
1461243321.70203 -0.689058951307209 -0.688529143611375 18.7618361037851 0.00919853050464199 0.0112654288657584 -0.00201425079789425 0.999892204161403
1461243321.74204 -0.690462658900063 -0.691203227595605 18.8159715747382 0.00884106266562649 0.0102696350490411 -0.00183732549396949 0.999906492849172
1461243321.82371 -0.693165856309858 -0.695001994089548 18.8991831143407 0.00774347767802648 0.0100390338283511 -0.00404976721461762 0.999911423946517
1461243321.92217 -0.695999498663619 -0.700643908513423 19.0148256118923 0.00842298635886165 0.0113748595306695 -0.00624197945641129 0.999880344623256
1461243322.00222 -0.697195857670081 -0.703333633151881 19.091534033696 0.00515141109109945 0.0140547872945269 -0.00588262417796901 0.999870651959871
1461243322.08245 -0.695908864994269 -0.706224805135248 19.1645684625148 0.00374346723053876 0.0203354601054961 -0.0113577934746743 0.999721689292964
1461243322.18231 -0.686979205031023 -0.708691674168608 19.2452762920076 0.00321643400617601 0.0408571704087963 -0.00616379271523578 0.99914080781331
1461243322.24195 -0.677949632752858 -0.709138807879507 19.2879722975046 0.00119296755862564 0.0603407755912757 -0.01062770348277 0.998120543595877
1461243322.30192 -0.662543278183677 -0.710904277829308 19.3290778567525 0.000738618768737157 0.0897954225767281 -0.0143283827784168 0.995856884282845
1461243322.34204 -0.647351991725784 -0.711902750936985 19.3587270309475 0.000943752898302313 0.117606557116942 -0.0208975286902841 0.992839916778231
1461243322.38184 -0.633873249862742 -0.712332430420803 19.3849644650608 0.00266081631671144 0.142425580564802 -0.0277199548530787 0.989413704251286
1461243322.42445 -0.615622556210878 -0.714765105871804 19.40601938366 0.00371842997604242 0.175501333785297 -0.0352395563302177 0.983841261986782
1461243322.4619 -0.598383656784813 -0.7163649219977 19.431673147221 0.00640140398080232 0.204541151816949 -0.0371489525874955 0.97813183904938
1461243322.50191 -0.580660068562737 -0.718768161484461 19.4437133173478 0.00854978741561701 0.234413619312808 -0.0413951247958401 0.971217586259101
1461243322.52422 -0.566268860274928 -0.720776106013276 19.4582837105462 0.0104121257260616 0.256935216361833 -0.0438907831464947 0.965375305974702
1461243322.56212 -0.547613943988516 -0.723455391134018 19.4755112255718 0.0147140982111369 0.287636403521216 -0.0444053754423379 0.956596548872637
1461243322.60228 -0.523102651232703 -0.727126928960697 19.4885800337917 0.0209728346492863 0.323371135842576 -0.0438915939915291 0.945021045632074
1461243322.64196 -0.503608689998734 -0.732136523222514 19.505087776922 0.0254501950911819 0.350941153479483 -0.0443269523810785 0.935001452221822
1461243322.68194 -0.478528441951326 -0.735339645688465 19.5114319268355 0.0294953337611826 0.38647988795365 -0.0454323881324051 0.920705826853636
1461243322.72386 -0.460248053452738 -0.739192356338735 19.5235885073006 0.0313612488478003 0.415017412945892 -0.0407635330398976 0.908358603964596
1461243322.76232 -0.434596681144471 -0.740764174007787 19.5274598871875 0.0314656356742876 0.448696007088133 -0.0314993666831997 0.89257470101574
1461243322.80204 -0.414259729445074 -0.742239515377104 19.5322089010203 0.0297602112872508 0.474745504859945 -0.0264637506331981 0.879221647448377
1461243322.84211 -0.392421958527075 -0.74296255432065 19.5374090099767 0.0272827373561977 0.498954604324204 -0.023650821441461 0.865875622541237
1461243322.86188 -0.376503745076484 -0.744086922285047 19.5407251091311 0.025698177854393 0.517462492819808 -0.0218120201310077 0.855041758019735
1461243322.90197 -0.354760887874965 -0.74470039656151 19.5434055437479 0.0245245796338023 0.541578491687061 -0.0193493418909304 0.840069571704714
1461243322.942 -0.333640242120046 -0.745610660520003 19.543694238887 0.0226703218008452 0.564454050124127 -0.0150478728671535 0.825015904895227
1461243322.9619 -0.317186665403941 -0.746266140762913 19.5442873299019 0.0217089986518973 0.581364946291509 -0.0119180181412097 0.813265934024406
1461243323.00188 -0.296388031389055 -0.747437767384843 19.5445207206576 0.0224262966553112 0.603307819314308 -0.0104694615564694 0.79712428563384
1461243323.04204 -0.271137714783098 -0.748517951265499 19.5443209266064 0.023692195995183 0.626556997552126 -0.00847267475685251 0.778969333446353
1461243323.10241 -0.240412801318438 -0.75012457232166 19.5442155271152 0.0240546128293688 0.648559270380839 -0.00434967022436511 0.760771535202022
1461243323.16342 -0.201627659678397 -0.751480834422543 19.5412761787658 0.0255785124193176 0.667185518985641 -0.000963776785122481 0.744451673443337
1461243323.24312 -0.153069012196049 -0.753966442460084 19.5444958448429 0.0255798984180566 0.680031840315836 0.0037203272443655 0.732726773169081
1461243323.34285 -0.0820633132924016 -0.7578584370701 19.5470239688471 0.0238743062947933 0.690401721248343 4.44248128587095e-05 0.723032142316442
1461243323.42468 -0.0267239692147498 -0.761155961063716 19.5486117770765 0.025300978984256 0.698569671192032 0.00109966923330348 0.715093746078563
1461243323.4828 0.0187240106363049 -0.763771265802403 19.5483709550963 0.0243211025625324 0.704268785206607 -0.000466526970507934 0.709516556893733
1461243323.56224 0.0795866702825094 -0.766969743725859 19.5486710094043 0.0245464255309404 0.711067944314667 0.00234003415373793 0.702690810955947
1461243323.66184 0.15449474372198 -0.771142064418376 19.5488195003766 0.0274748688574354 0.715710165332895 0.00708741594124328 0.697820793152299
1461243323.76198 0.233724037615101 -0.774597705691656 19.549055882122 0.0241021253549969 0.716119573293102 0.00785695033136768 0.697517105619187
1461243323.86246 0.313296249814183 -0.779368965094411 19.5515557375509 0.0231709418943484 0.715985808869333 0.0082939785362547 0.69768090046202
1461243323.92367 0.363552040717746 -0.783016468967458 19.5532507687201 0.0293052845998123 0.714965476064942 0.00380051360858591 0.698534984396677
1461243323.98191 0.415652925585082 -0.785597447058486 19.5544854694048 0.0282743103594423 0.714520924957371 0.00812281162771646 0.698995301202392
1461243324.04216 0.471297438275631 -0.789306657160579 19.5561098603944 0.0282866759515746 0.712062110073882 0.00600754758529365 0.70152072295318
1461243324.12376 0.539150037084809 -0.791841935041149 19.5597673509545 0.0281330304164459 0.70850808183014 0.0122105874799492 0.705035979319039
1461243324.18185 0.596221304152529 -0.795264294465352 19.5634341694423 0.0309040697041636 0.70475025555724 0.0115349220318509 0.708688197546315
1461243324.22369 0.636889222875833 -0.798557181896235 19.5653604370461 0.0356384048653589 0.702629622074534 0.0114073988996262 0.710571171335
1461243324.30202 0.698434333821339 -0.802648383557997 19.5716401559014 0.0342370412230962 0.698085088000496 0.00934524140153586 0.715134743515356
1461243324.38186 0.780159770230938 -0.807148956220848 19.578946784283 0.0315317984400043 0.692714261158786 0.012048712317755 0.72042176994165
1461243324.46214 0.852221337620517 -0.81289257238313 19.5873734538846 0.0381378134346402 0.686614652939047 0.0105988856136728 0.725943172141983
1461243324.54184 0.924931727482086 -0.816854642005618 19.5976621484642 0.0290789323608098 0.681750606421533 0.00861749377802487 0.730955720367255
1461243324.60178 0.979139107010873 -0.821280434637505 19.6051596323462 0.0337076465640716 0.678841217507182 0.00815960061481464 0.733465620799152
1461243324.68202 1.05073295405377 -0.825970563095963 19.6154877879597 0.0315772695160479 0.675505033705281 0.00597721886320477 0.73665466695284
1461243324.76179 1.1222053845062 -0.831018773014235 19.6256664188849 0.0305494510207172 0.673916537108639 0.00424756738754515 0.738163389924698
1461243324.92415 1.26414394710093 -0.839734634407525 19.6456372929513 0.0276140717185644 0.674429097183526 0.00661611660754546 0.73779338768816
1461243325.00184 1.33545120546123 -0.84442798949547 19.6549499061092 0.0303637269661863 0.675607101747111 0.00904811568634037 0.736580762548221
1461243325.08209 1.40677005969768 -0.849755334946687 19.6643989990818 0.0320558391571726 0.676792011688763 0.00422481021160255 0.735463899228835
1461243325.1819 1.49315962812808 -0.855883537011181 19.6745176540858 0.0385592429777518 0.678759863416339 0.0129567318002685 0.733232811388764
1461243325.26199 1.56351054947746 -0.861408215815119 19.6828913527601 0.0367669957504684 0.67964520132245 0.00896016039926648 0.732564197779601
1461243325.34174 1.63387784647579 -0.866174716062146 19.6901032044207 0.0401659219749394 0.682106310200756 0.0144602033858473 0.730005878616229
1461243325.50177 1.7816642840322 -0.876216461554063 19.705065390165 0.0382277331085031 0.686569760455222 0.0135700590272256 0.725931441630573
1461243325.5617 1.82837054113703 -0.878960302110839 19.7099504607224 0.0331562829980797 0.687422799635926 0.0114761605740579 0.725409438301525
1461243325.60204 1.86837570331363 -0.881528594072434 19.7134033233659 0.032750512408021 0.687761150105079 0.0111089488587052 0.725112815773109
1461243325.64181 1.89923404970738 -0.883952008707204 19.7157584479755 0.0344730031894546 0.688880982902311 0.0110954405363809 0.723969263605818
1461243325.66175 1.92255814232118 -0.886051467765369 19.7177066826594 0.0334541800641999 0.689614304091675 0.0086302300137884 0.723352229939396
1461243325.70169 1.95266246632541 -0.887715534435448 19.7207670165323 0.0299868824879894 0.690378646714001 0.00618318433778469 0.722800027166187
1461243325.7819 2.0224752935059 -0.891971781904851 19.7259541541182 0.0319331165691925 0.692316806509072 0.00846339899315914 0.720837073386727
1461243325.84202 2.07616614442008 -0.895889313176558 19.730284468976 0.0306013605949721 0.693341762932026 0.00467567958801541 0.719943674549917
1461243325.90193 2.12973035645413 -0.900032691374954 19.7342243575856 0.0336914727106237 0.694554533479253 0.00360703432459523 0.718641686790704
1461243326.02366 2.22735672067326 -0.905659918186766 19.7417862709165 0.0330849622855592 0.696298165803163 0.0117459322702145 0.716893494631397
1461243326.12405 2.31273836201229 -0.910343265643391 19.7474237622488 0.0303705800647721 0.695990643507854 0.01503769821924 0.717250667234489
1461243326.20219 2.38095271476353 -0.915228700939527 19.7517434085517 0.0359104311597812 0.696918037167863 0.0123481608997079 0.71614468742455
1461243326.28166 2.44791601473905 -0.918010463150981 19.7571039583561 0.029450863439239 0.697768374260122 0.0122301125172374 0.715613280251901
1461243326.38206 2.53176840118454 -0.923044638337487 19.7612671667842 0.0274458417398522 0.700984695748545 0.00819298466969916 0.712600910117096
1461243326.44176 2.58290292677312 -0.926106433352767 19.7633086591216 0.029582889916785 0.704097273413982 0.00846066146177319 0.709436607036032
1461243326.48202 2.61287071961568 -0.927836140086754 19.7643232901888 0.0292827862250199 0.705509183233925 0.00870128228173195 0.708042088078211
1461243326.54321 2.663522495752 -0.931081927413731 19.7661507362353 0.0311112623625601 0.70673414228634 0.0106976459715942 0.706713875519411
1461243326.62165 2.72884446315429 -0.934948117522328 19.7684736920575 0.0288041775035545 0.707534749695728 0.0103824665296529 0.706014944402813
1461243326.70167 2.79397957442174 -0.939164281060545 19.7704668666082 0.0280957895356271 0.706842400243991 0.0100046805352649 0.706742070486165
1461243326.78173 2.8558210405989 -0.942904712608736 19.7730517542269 0.0260929899601059 0.708553708857575 0.00789228439217827 0.705130136489847
