1461243310.06273 -7.36246928210119e-06 5.45657421016564e-06 -3.8664759123652e-05 1.84775907242805e-06 -1.73031405049343e-06 -4.60657899408276e-06 0.999999999986186
1461243310.20433 -0.00804185312692381 -0.00389310829075756 0.158530629950864 -0.000945436711334834 -0.0011190653586229 0.000918510677497002 0.999998505089024
1461243310.26451 -0.0112297416160962 -0.00573656813397066 0.221315893589474 0.00026999029825016 -0.00268656727130897 0.000250373613794726 0.999996323380536
1461243310.30263 -0.0146931195355269 -0.00707852381235797 0.270816197896242 0.0010529250631381 -0.00316686749575221 0.00172614773862746 0.999992941331618
1461243310.36285 -0.0183849565797003 -0.00857251409160181 0.333957850695708 0.000474028991674933 -0.00339965909561576 -0.000806313920676046 0.999993783716884
1461243310.42269 -0.0221366516259358 -0.0106173706291801 0.407617874779864 0.000289595883614164 -0.00298720639435682 0.00188122110910257 0.999993726849984
1461243310.48265 -0.0256641982265894 -0.0116915012971124 0.48436274261054 -0.00067816818709185 -0.00189841778321078 0.00199880836318679 0.99999597042336
1461243310.56275 -0.029776776371293 -0.0142735942959921 0.584361101928217 -0.000286139290459883 -0.000583233914549909 0.00113125335188522 0.999999149113819
1461243310.6226 -0.033171132023956 -0.0161430418591879 0.651481448417886 -0.000110105900257116 0.000209427219794792 -0.00201283462348053 0.999997946254746
1461243310.68266 -0.0365682789159375 -0.0180468086185374 0.730920371046724 0.00066258149127866 0.00167233038067131 -0.00208355331688099 0.999996211544044
1461243310.74275 -0.0395395638832167 -0.0202379348186786 0.812049263103806 -6.70197784418571e-05 0.00294201280426699 -0.00316097465331602 0.999990674110639
1461243310.80263 -0.0425173191934819 -0.0224490438069689 0.892043552803131 0.000381902070194679 0.00452380696670905 -0.00140365314491002 0.999988709475855
1461243310.84258 -0.044610375721615 -0.0238612334359809 0.949569175901905 -0.000470394518468311 0.00506842286416419 -0.00138036559105595 0.999986092108036
1461243310.92446 -0.0480469005178743 -0.0256266021646047 1.04358640311773 -0.00156297340258648 0.00769852925242681 -0.000290762963976314 0.999969102131856
1461243310.98256 -0.0491246665459483 -0.0276201401295827 1.124915225698 -0.00198080074884968 0.00708902191410343 0.00201454444487286 0.999970881479743
1461243311.04263 -0.0522314835918815 -0.0296418494743655 1.20638813679701 -0.00144317438988153 0.00681465620714034 0.000175987984682535 0.99997572307366
1461243311.10263 -0.0540548317042999 -0.0316397814445686 1.2778190435087 -0.000522867907998437 0.00714127260552114 -0.00060847993514701 0.999974178960083
1461243311.18254 -0.0583194139893929 -0.0351997309009609 1.38119477296284 0.00243432859450117 0.00694494128784852 0.000495063820941354 0.999972798003333
1461243311.26249 -0.0619799450462374 -0.0376300391943867 1.4882203072856 -0.000676749277595499 0.00636760828809803 0.00178566891241946 0.999977903236686
1461243311.32284 -0.0647936271144253 -0.0396195421393749 1.57230426723505 -0.000661507568116596 0.0059192983909925 0.00194506294874025 0.999980370329549
1461243311.38297 -0.0679077793184177 -0.0418997569167819 1.65569326084027 -0.000643017876221009 0.00606764027706207 0.000908951643855427 0.999980971857159
1461243311.4226 -0.0702947551912629 -0.0431266176413189 1.71468970574344 -0.0010610236742075 0.00575382139945153 -0.000464045127248178 0.999982776066761
1461243311.48285 -0.0726258567400345 -0.0445825002631051 1.78736110025411 -0.0022784746314273 0.00614481066581091 -0.000344088029537567 0.999978465497464
1461243311.52289 -0.0740525553236515 -0.0459818643452634 1.84889057479836 -0.00154563807667217 0.00638477849508768 -0.000687172234605469 0.999978186462497
1461243311.5827 -0.0774588230905204 -0.0481607391379495 1.93212343876348 -0.000617057818651062 0.00629580557813378 -0.00143020833297977 0.999978968066777
1461243311.64273 -0.0799471646391244 -0.0498453495635727 2.00390373657251 -0.00104208307631393 0.00627260629526465 -0.00107501545147863 0.999979206191262
1461243311.6825 -0.082044194298238 -0.0515021674341687 2.06438959902007 -0.000847679742117021 0.0062658226430295 -0.000466239801405549 0.999979901561081
1461243311.74253 -0.0848887607818626 -0.0537424617481573 2.14794921176031 -0.000232567862427371 0.00594698593990417 -0.00178582066131437 0.999980694871149
1461243311.82322 -0.0888290532079942 -0.0573935734588559 2.25593958460016 0.00204544811848603 0.00718708334758063 -0.00179263410622709 0.999970473783057
1461243311.90306 -0.0914101845536638 -0.0595006607697245 2.3486511199406 -0.000371041551964204 0.00743121646301217 -0.000875749948850157 0.999971935812238
1461243311.96282 -0.0935876346498868 -0.0600370204597857 2.43244876995269 -0.0053355318941386 0.00756900597917899 -0.001831226391994 0.999955443436254
1461243312.02292 -0.0962937816669657 -0.0627919251355267 2.51319856727785 -0.000885699085415325 0.00754295592574642 -0.00294550781366629 0.999966821117957
1461243312.08302 -0.0993304107071169 -0.0650564111340534 2.59339876483428 -0.000153851382305384 0.00795011016624315 -0.0040475851988208 0.99996019377381
1461243312.14355 -0.102647049625894 -0.0675359066254767 2.67141539060866 0.000171164567406705 0.00814676981666364 -0.00283241418306703 0.999962788444721
1461243312.24344 -0.105899845406242 -0.0706506596828138 2.79638253939477 -0.000168171210203951 0.0079200437443436 -0.000737804999890981 0.999968349633784
1461243312.32493 -0.108713515252463 -0.0729598038437267 2.88570876057069 -0.000464941107341497 0.00745767002653007 -0.000148279839477301 0.999972072110332
1461243312.40259 -0.11237983330724 -0.0759966173831618 2.99789861060698 -0.00168912764028854 0.00692336841937148 0.00116538398452468 0.999973927508969
1461243312.50291 -0.116484859091072 -0.0791775391433534 3.12062450597201 -0.000177239914959023 0.00613234127922769 0.00139885920957111 0.999980202888717
1461243312.5826 -0.119817137062747 -0.0812692421731609 3.21023863510934 -0.00136924064786012 0.00548979075559503 0.00136892199983763 0.999983056571493
1461243312.64285 -0.123254276041172 -0.0833387357613849 3.28979435317438 -0.000289608332132799 0.00497388651615104 0.00130322451188034 0.999986739004978
1461243312.68246 -0.125477652862511 -0.0848961927312569 3.34696707581499 -0.000459103402073495 0.00458666189220616 0.000756926190310508 0.999989089350226
1461243312.76253 -0.129610696090902 -0.0874126169636086 3.45154150371628 -0.000368973147420721 0.00447068866341657 -0.0011835862829046 0.99998923790469
1461243312.86286 -0.134643815109824 -0.0907920786740906 3.58284524220759 0.000378774832337948 0.00541249949727765 -0.00153674250253398 0.999984099774241
1461243312.96251 -0.139021806636788 -0.0933735233031598 3.71214595990145 -0.00245442660534764 0.00642179157291327 -9.8247776642616e-05 0.999976363085852
1461243313.04255 -0.141681347799505 -0.0961829666288269 3.81987758651609 -0.00130844829671657 0.00714322590374712 -0.000665830898321913 0.999973409124442
1461243313.14276 -0.147154814533934 -0.0999835148474677 3.95170041269952 -0.000767211306360609 0.00721856860171451 -0.000403185980039605 0.999973570198343
1461243313.20282 -0.149161948788901 -0.101354486794969 4.03640589448379 -0.00285361635709649 0.00633011117923088 0.00060449071559265 0.999975710283565
1461243313.28247 -0.152496209621883 -0.102498704228315 4.14773130212813 -0.00483407707272121 0.00430086402973426 -0.00262718206012297 0.999975615793643
1461243313.34255 -0.156037195740199 -0.106553112544695 4.22924984558384 0.00309251176989711 0.00466795900443842 0.00151794501518401 0.999983171044702
1461243313.40316 -0.159254940593817 -0.106964030481647 4.30943439557586 -0.0059108408239229 0.00352418179694536 0.00303532982433026 0.999971714038089
1461243313.48255 -0.16280683091744 -0.109258906354371 4.41840794050837 -0.00220679038368375 0.00268328724884494 0.0111367129088036 0.999931949520231
1461243313.56248 -0.168660359921202 -0.112470024389747 4.50745951888394 0.000460322938847037 0.00103760286225961 0.00463467926852461 0.999988615550782
1461243313.6024 -0.170444406314566 -0.11447913200923 4.5682521715783 0.000822529829999957 0.000859498151451975 0.00124184756834967 0.999998521260018
1461243313.66242 -0.17444726472911 -0.121371213895467 4.64748915336548 0.013969610562597 0.001123154202104 -0.00539778433358759 0.999887219855147
1461243313.7225 -0.17976799145339 -0.122885658844165 4.71089723838662 0.00878976189623148 0.00188229408194048 -0.00791543571910145 0.999928268893411
1461243313.76241 -0.182662595691801 -0.123915840274246 4.77399865387699 0.00139023177977678 0.00499542822742821 -0.012507561046694 0.999908332733099
1461243313.82277 -0.184979893609753 -0.126833850335874 4.85355372960476 0.00490425005537292 0.00206972160951386 -0.0109623665596767 0.999925742794566
1461243313.88267 -0.188665949792314 -0.128293590169451 4.91953467220751 0.00166509853512863 0.00217677517571793 -0.0115206480020589 0.99992987942471
1461243313.92242 -0.190731620593034 -0.129285936737874 4.97693815523613 -0.00368174694559249 0.00135580165826537 -0.0143291105512762 0.999889635475887
1461243313.98243 -0.193669975499201 -0.129640792988505 5.04931260190156 -0.00374313379616035 0.00303158411385025 -0.0146636369661492 0.999880881004367
1461243314.0424 -0.196224157036597 -0.131801839179175 5.12956407044362 -0.00351899123765883 0.00359406930668673 -0.0107673056625833 0.999929379754019
1461243314.12269 -0.199593506878942 -0.134861004997117 5.23435194488384 6.52908312926229e-05 0.00206023543844413 -0.00142374809108554 0.999996862049286
1461243314.20243 -0.20502277360267 -0.135670000453123 5.33791690577634 -0.0039864088834078 0.00157784143089394 0.0022902666721763 0.999988186749825
1461243314.28252 -0.207688050245664 -0.141711645739044 5.42822463711084 0.00727252138574348 0.000111401767479378 0.00278038581282132 0.999969683278984
1461243314.36249 -0.214765031106594 -0.145183081415839 5.53174049403863 0.0028575864604641 -0.000550203200211028 -0.00138762063592406 0.999994802979011
1461243314.42268 -0.21860466622076 -0.148334673373146 5.61513046731895 0.00579612655836339 -0.000892546791773476 -0.00146469772321747 0.999981731301989
1461243314.48291 -0.222472492966314 -0.149667837676596 5.68449102116497 0.00112194788964354 -0.000946703019640649 -0.00246653509652288 0.999995880586987
1461243314.54283 -0.226002179314467 -0.153359600483288 5.77200016356036 0.00335507324764013 -0.00208149614168976 -0.000988900698837865 0.999991716432053
1461243314.6027 -0.231085731089752 -0.15647844682999 5.85629590935708 0.00398524116832586 -0.0018331605449978 -0.000353787206505856 0.99999031605804
1461243314.68229 -0.236604538642198 -0.160244394880469 5.96616724619751 0.00569391565855634 -0.00271237785537786 -0.00187682667594165 0.999978349691868
1461243314.76276 -0.24207519118677 -0.162037514466088 6.06439060112857 -0.00022030943603617 -0.00279114948236077 -0.00221321809329624 0.999993631286715
1461243314.84263 -0.247184927455908 -0.166439206767603 6.17603845807707 0.0049525006407263 -0.00239513172470642 -0.00456424843501919 0.999974451532462
1461243314.9224 -0.253301314398935 -0.169493220832317 6.29108636968289 0.00112185602123461 -0.00139873946461254 -0.00379851248254083 0.999991178096036
1461243314.98228 -0.256589292354024 -0.172364679483862 6.38118569441265 0.00341123853817955 -0.00158710102635039 -0.00430663147912574 0.999983648609951
1461243315.0427 -0.261127095940999 -0.175357984236041 6.46790848264459 0.00226948811155399 0.000446881776080713 -0.00550271680215455 0.999982184755401
1461243315.12232 -0.265478185076192 -0.178910696108695 6.58475390366145 0.00328906548258293 0.00144751027120034 -0.00418471829671951 0.999984787331809
1461243315.2026 -0.269870756483146 -0.182081695507152 6.68804394839979 0.00321150068621307 0.00228274031309567 -0.00461454247664358 0.999981590509414
1461243315.26239 -0.273492926818032 -0.185292608407489 6.77881016924826 0.00413326230258408 0.0031524555874832 -0.00462206198563024 0.999975807062105
1461243315.3224 -0.277220041143336 -0.188595973645939 6.87245179073869 0.00317739759217864 0.00368231197545992 -0.00512255856982281 0.99997505174717
1461243315.38255 -0.280566816451708 -0.191552447415516 6.9631078371965 0.00374217492141092 0.00435206663174539 -0.00337567965272834 0.999977829969131
1461243315.44252 -0.283929943954583 -0.194008100998838 7.04285901491786 0.00296056006939382 0.00403313369502132 -0.00446551530899359 0.999977513792035
1461243315.48234 -0.286133855415191 -0.195939388065728 7.10885929464815 0.00260580766431163 0.00411805513619385 -0.00260792891349271 0.999984724930883
1461243315.52242 -0.288152635152996 -0.19779388237029 7.16282649190876 0.00296596251556595 0.0041019604560991 -0.00313287725022364 0.99998228087647
1461243315.56266 -0.291001988538618 -0.199924322319873 7.23000920129744 0.00296388393467412 0.00389652229948277 -0.00369824229452993 0.999981177577819
1461243315.62299 -0.294927406857491 -0.201745908816717 7.31041078794957 0.00274787141920464 0.00463032411011936 -0.00417974845065881 0.99997676923226
1461243315.68265 -0.298008691816337 -0.205449760401259 7.40548281011317 0.00287754068370518 0.00366963725626483 -0.00284559226346428 0.999985077952012
1461243315.74269 -0.30280853931905 -0.207957649092885 7.4997563926576 0.00275523086734181 0.00260660711788218 -0.00545186542863152 0.999977945489574
1461243315.80266 -0.305850518976809 -0.210328501818535 7.57978523278954 0.000778780581170289 0.00206476421727588 -0.000698870701035503 0.99999732091105
1461243315.86248 -0.310027031592258 -0.213606306247996 7.67380413484615 0.00280811060539849 0.00198818941331197 -0.00391593957132691 0.999986413425182
1461243315.9223 -0.314148107335292 -0.216400805349884 7.76538987577901 0.00297393059665551 0.00200229990578718 -0.00125918443493167 0.999992780467165
1461243315.98271 -0.31621363603805 -0.218283825382361 7.84949195950698 0.00126034803400977 0.00182760245705681 -0.00358870225421107 0.999991096264473
1461243316.04261 -0.321206385744935 -0.222091951604913 7.94068010378949 0.00263089828714161 0.00286183388483618 -0.000569767852358637 0.999992281793021
1461243316.10266 -0.324635002165208 -0.225060545763717 8.03302877448397 0.00353686424456207 0.00298542800645261 -0.00231709110772269 0.999986604360145
1461243316.16279 -0.328213791287559 -0.227583796608134 8.11018877319466 0.00213421968333589 0.00341212470287333 -0.00187269953611875 0.999990147705368
1461243316.20279 -0.330663594668546 -0.229647268092649 8.17533615796684 0.00214863451508382 0.00393999401709434 -0.00125307632848608 0.999989144749372
1461243316.26256 -0.333805692134428 -0.23219513353938 8.26642210088094 0.00183817190761628 0.00453803396979194 -0.000464541984895868 0.9999879057131
1461243316.32462 -0.33613218697668 -0.234659895593208 8.34617403800474 0.00216255248066954 0.00467478435523959 -0.0013296404345104 0.999985850807058
1461243316.36413 -0.338523902096685 -0.237024670506404 8.40725867910618 0.00285699667296875 0.00459489848979856 -0.00084736236099265 0.999985003115001
1461243316.4223 -0.341666437445171 -0.239512486283558 8.49391829729338 0.000780945195824132 0.0044525542471874 -0.00109517191162166 0.999989182683373
1461243316.4824 -0.344818987327021 -0.242011768020215 8.56917631721451 0.00254138514122036 0.00422608956495612 -0.00104221409347919 0.999987297578492
1461243316.52266 -0.347798362539845 -0.244088905527984 8.63694788352072 0.00280564320818521 0.00457481735151596 -0.000270334389057681 0.999985563061641
1461243316.5826 -0.35108577618618 -0.24647831219999 8.72069679930525 0.000426704019222246 0.00429378534772459 -0.000943795305947322 0.999990245243166
1461243316.66244 -0.355514986061637 -0.250303413940017 8.83529990958833 0.00204440174985445 0.00430788633156585 1.35248580374217e-05 0.999988631112333
1461243316.74306 -0.359776720893119 -0.253400529229559 8.94803625287218 0.00205404383676259 0.00350488879246304 -0.00192902452717951 0.999989887710292
1461243316.82315 -0.36424765077516 -0.257079550092749 9.05983400289538 0.00335610102788277 0.00364338228592992 -0.00212087289812833 0.999985482019394
1461243316.90261 -0.368937717020086 -0.260423789996415 9.17131784897672 0.00183326801402615 0.00332514566506255 -0.00169203645172769 0.999991359736343
1461243316.98229 -0.372795400278124 -0.263582532774123 9.2724666723212 0.00335953343872242 0.00375403118760197 -0.0031497252879176 0.999982349852
1461243317.04232 -0.376485688090051 -0.26643222198943 9.3596933638619 0.00189683348641283 0.00513976660586377 -0.00217477285188394 0.999982627441599
1461243317.10251 -0.378985442709399 -0.268993898343963 9.44845218014376 0.00236385445055187 0.00462662165291002 -0.000853240602733591 0.999986139176284
1461243317.1422 -0.38145993546292 -0.270821917534637 9.50990853054524 0.00266050759390871 0.00484955007709061 -0.00186022221919757 0.999982971423358
1461243317.20241 -0.384398719592119 -0.273198193619217 9.58665878353323 0.00166706355080684 0.00457170804001279 -0.00161780209069982 0.999986851464113
1461243317.24241 -0.386968694691427 -0.275005511559422 9.64921474355814 0.00196519161046417 0.00468501589785077 -0.00235487224933176 0.999984321489422
1461243317.30259 -0.390406094159096 -0.277902939597359 9.73955943433506 0.00137547637630706 0.00477796433911431 -0.00196055507075727 0.99998571757067
1461243317.36221 -0.393694844724699 -0.280224060943448 9.81601288140764 0.00220749454100189 0.00454372549454434 -0.00285286329368677 0.999983171207151
1461243317.42233 -0.396848088096529 -0.282930545047226 9.90123356123149 0.00109302808855643 0.00430233720648467 -0.00374277450428623 0.99998314326951
1461243317.4822 -0.400563327962661 -0.285651547589006 9.99128368464641 0.00186773431499324 0.00442471136966817 -0.00143608410725219 0.999987435501197
1461243317.54241 -0.405448208091857 -0.289181148299503 10.0736595490769 0.00379034832113868 0.00453252440582787 -0.00068348523762968 0.999982311008572
1461243317.62224 -0.408153192752451 -0.291501244902848 10.1790693315622 0.00158444742568015 0.00406657352856067 -0.00414273065284298 0.999981894980519
1461243317.68295 -0.412184354682652 -0.294058000726385 10.2675024357067 0.00361103012092387 0.0035528982978718 -0.009219737739509 0.999944665374622
1461243317.74223 -0.416399525745179 -0.297148992940869 10.3584602764005 0.00291460307277202 0.00285774691368659 -0.0106664144607789 0.99993478086026
1461243317.80224 -0.420364547621282 -0.2998351516158 10.43500465092 0.00378374026520151 0.00255079233732472 -0.00888808823342766 0.999950088082206
1461243317.86269 -0.423795885176919 -0.302092233666378 10.5239835482554 0.0019380092945526 0.0029563219196497 -0.00933750193792838 0.99995015642693
1461243317.90286 -0.426574999747302 -0.303792022945896 10.5873009982833 0.00181152661713049 0.0017938062160901 -0.0121450853795974 0.999922995801025
1461243317.96258 -0.430387879985031 -0.306258011957828 10.6618189251278 0.00366703935843019 0.00154814153644394 -0.0127630211445289 0.999910626691902
1461243318.00264 -0.433654981578483 -0.308468867049238 10.7253566497556 0.00344073170780544 0.000860718971648692 -0.0139343172240517 0.999896622322361
1461243318.0423 -0.436216712839188 -0.310319935522924 10.7765975665422 0.00432178479760888 0.000868070243632421 -0.0151932648965622 0.999874858835844
1461243318.08234 -0.43941118006254 -0.313213441785358 10.8420373134788 0.00616899752678264 0.000620135652697293 -0.0189614941643383 0.999800990517784
1461243318.12226 -0.442154014076611 -0.315333304455219 10.8940527469313 0.00710563110310488 -2.98329509442326e-05 -0.0166328496269107 0.999836415334984
1461243318.16231 -0.445041619014688 -0.316929165147641 10.9578610203666 0.00581825025016802 0.000727887784177665 -0.0141297845516206 0.99988297681875
1461243318.22216 -0.449246037678009 -0.319225160936559 11.0369437703052 0.00187614605352 0.000845092335430147 -0.0133623611461526 0.999908602423007
1461243318.26217 -0.451768730483205 -0.323150467112414 11.0997018522929 0.00920660135083591 0.000163404571439605 -0.00926184389475815 0.999914711382017
1461243318.32364 -0.456261831748081 -0.326461679368258 11.1720028749634 0.0100752817571187 0.000142954114084213 -0.0100852742914908 0.999898372587985
1461243318.38234 -0.460469332307511 -0.330141657968253 11.2631493830345 0.00796897994185911 -0.000455879954997597 -0.0141925068159038 0.999867421352668
1461243318.44269 -0.464677689978754 -0.333176226993652 11.3490090189979 0.00756018506668396 0.000569382900734146 -0.0110707746548302 0.999909974624422
1461243318.50269 -0.467583918638654 -0.336612077593015 11.4249700210706 0.00740887297279897 0.00126149415474162 -0.0121576620641409 0.999897849026042
1461243318.56267 -0.4711428242647 -0.340663146075904 11.5091689275788 0.00946839911514807 0.00243997598195354 -0.00945455265532225 0.999907499406566
1461243318.64293 -0.474961576950999 -0.344968664459751 11.6195762724851 0.0076528827079342 0.00339087718419345 -0.00820527170186812 0.999931302067537
1461243318.70284 -0.478194081102204 -0.34879061496856 11.7035934444274 0.00877036451738578 0.00342069604693188 -0.00688947607237527 0.999931955017058
1461243318.8044 -0.481439444765719 -0.353127923774742 11.8004871377411 0.00899111232944915 0.00273914305634868 -0.00599957600407358 0.999937829108474
1461243318.85205 -0.484745946929022 -0.356684263295786 11.888474351025 0.00958454650659717 0.0025292903392549 -0.00803863273746927 0.999918556454652
1461243318.90275 -0.489282164958301 -0.36060484702187 11.9629277076101 0.00910975694345982 0.00258223420000312 -0.0103776889789157 0.999901319114254
1461243318.98238 -0.494157926774379 -0.365386403521998 12.0679116942585 0.00806631947499682 0.00285241756947397 -0.0110627745510779 0.999902201829443
1461243319.06212 -0.498855044449842 -0.369523890206902 12.1708197812958 0.00751824781387133 0.00417844260337704 -0.0100808155600985 0.999912193007398
1461243319.14266 -0.500570115255597 -0.374238383379016 12.2779195131613 0.00767247639938952 0.00603574193933918 -0.0110600694078935 0.999891182974345
1461243319.20264 -0.502521421705627 -0.377452862241352 12.3435311805139 0.0108614585244612 0.00629422151590786 -0.0105113961424259 0.999865952038256
1461243319.28217 -0.506806980303004 -0.381781200329448 12.443822260383 0.00818149858301032 0.00866381990608243 -0.0112587698345755 0.99986561167358
1461243319.3625 -0.509649917497158 -0.386137756185564 12.5452651129909 0.00874336262304609 0.00913811854216992 -0.00938375981924108 0.999875989036244
1461243319.44246 -0.511495673397052 -0.390795512052914 12.644038293384 0.00929878600851442 0.00870104597295268 -0.00778450580304245 0.999888606719342
1461243319.54253 -0.516787157001129 -0.395754771811179 12.7676142966775 0.00817927712572332 0.00673004331335016 -0.00516190918234164 0.999930577908434
1461243319.60218 -0.519665874282017 -0.399323710583854 12.8465719828645 0.00896933997301662 0.00566219029005966 -0.00827594873534078 0.999909495511518
1461243319.68215 -0.523676496359101 -0.403539251333903 12.9357631240515 0.010354176488056 0.00395307707270961 -0.00652247362005375 0.999917307355357
1461243319.74239 -0.527633462054085 -0.406223995443894 13.0154514095508 0.00690431591698964 0.00296589399433706 -0.00675380794428281 0.999948958683784
1461243319.78222 -0.529735516088853 -0.408771707187389 13.0727939171258 0.00761832386193384 0.00126204801432954 -0.00485127301037671 0.999958415898643
1461243319.86238 -0.535416236993486 -0.415058422008755 13.1754869989918 0.0123291905941503 4.97595162220939e-05 -0.00559655198320512 0.999908329392841
1461243319.92255 -0.540006363049339 -0.416796659897532 13.2574209035246 0.00483734893553894 0.000534963181806192 -0.00588506788251693 0.999970839497677
1461243319.98243 -0.54387902997798 -0.421044501814696 13.3399393748773 0.00710938237019006 0.000302141449325763 -0.00622833388065432 0.999955285625277
1461243320.06296 -0.548306907285115 -0.425590518184836 13.4332056226005 0.0106548344199722 0.0014327934913825 -0.00988776795825104 0.999893321135359
1461243320.12221 -0.552002292947349 -0.429585569345337 13.517947204681 0.0105340698392115 0.00277177580079183 -0.014410765121 0.999836826927354
1461243320.16261 -0.554100118484476 -0.432035820723771 13.578387759261 0.00993357075292928 0.00454521349592102 -0.0113498932407129 0.999875914866339
1461243320.22235 -0.555692100654776 -0.434146175362383 13.6543152573854 0.00537285084494614 0.00759811613651371 -0.00589609778681987 0.999939316726701
1461243320.2824 -0.55688790639402 -0.437349394875448 13.7401470206523 0.00558472238127663 0.00983255942257517 -0.00161348561626193 0.99993476202965
1461243320.32253 -0.557841910156515 -0.440815431801864 13.8008648359274 0.00916249148053512 0.0123655044348594 -0.000362109641128673 0.999881498942024
1461243320.36238 -0.556838073954629 -0.444077181869899 13.8504428063287 0.0121346029717255 0.0125725140456188 -0.00117722247665311 0.999846636964156
1461243320.4024 -0.559858962808616 -0.446902681243104 13.9113183510242 0.0121111408711451 0.0161752185857839 -0.00856943961358769 0.999759094619904
1461243320.46233 -0.558951711118941 -0.450482233435932 14.0005972454969 0.00901861242524544 0.0205592056936383 -0.00785648711047327 0.999717089631588
1461243320.6023 -0.554928673068055 -0.457964304239879 14.1906182290844 0.00865897597545317 0.0299973336543039 -0.00581598906294891 0.999495550955535
1461243320.68245 -0.551844594486483 -0.463392721495461 14.3008647591507 0.0095197632494439 0.0353143202939754 -0.00732564407623181 0.999304061749334
1461243320.74253 -0.548258375576912 -0.466615915163429 14.3882879602092 0.00717508772185589 0.0390152073999039 -0.0054699535684812 0.999197883962774
1461243320.80206 -0.544110030844876 -0.469871665843503 14.4751154366165 0.00665075625954164 0.0424232668403237 -0.00397531094649977 0.999069682642132
1461243320.86229 -0.539813642280232 -0.473824749338019 14.5608130910275 0.00778152729180112 0.0432791052653565 -0.00238620266581047 0.999029865878531
1461243320.92403 -0.536596216448128 -0.476972745525961 14.6335190781722 0.0068876877535875 0.0447112211181826 -0.000735247897087552 0.99897593858614
1461243320.98228 -0.533086614337104 -0.480012086055932 14.7171258147333 0.00726188592112491 0.0449035977956896 -0.00281844733662332 0.998960954328287
1461243321.04266 -0.529802247617543 -0.483408860949146 14.799928705257 0.00671376387691125 0.0431659175033244 0.00125637138208042 0.999044568811448
1461243321.08394 -0.528471400022674 -0.485493743024018 14.8466273484965 0.00645077598004277 0.0423216588051071 0.000624985903723774 0.999083016609661
1461243321.12592 -0.526530941802997 -0.488343841909519 14.9064090133958 0.00745137476520279 0.0385703207452821 0.00369576173008555 0.999221271149163
1461243321.16251 -0.527169090244588 -0.489722881441927 14.9503202354627 0.00643021555868741 0.037297796282754 0.00434650095499525 0.99927405382596
1461243321.20393 -0.52643665536681 -0.491885565950548 15.0094442913625 0.00567335019498424 0.0330119874554311 0.00524272535821176 0.999425102552776
1461243321.26206 -0.527056468993196 -0.49525083278071 15.0901514554112 0.00585841609340251 0.0268663555376048 0.00344314201583781 0.999615937585062
1461243321.3025 -0.528059697053967 -0.496902101455319 15.1354152613753 0.00712808145100409 0.0246550883181218 0.00187310318752971 0.999668849449308
1461243321.3421 -0.528658355167 -0.498827253025757 15.1819245646593 0.0071071535267535 0.02194572383046 0.00230464247589544 0.999731244984052
1461243321.3819 -0.530013453464348 -0.501312057836633 15.2380380283347 0.00695733801530989 0.0192913964505393 0.00252860199180201 0.999786499030016
1461243321.44212 -0.531777340480447 -0.504766297483268 15.3158720613805 0.00775442429228431 0.0164908108893343 0.00231087519164123 0.999831276724206
1461243321.48209 -0.532690719232429 -0.506518639693412 15.3599241374152 0.00700291875897761 0.0150507637614233 0.00327398573680733 0.999856847081845
1461243321.52417 -0.533985599612734 -0.508768481602149 15.4144036026692 0.00663616395442574 0.0150794157821349 0.0046965839731844 0.999853246555024
1461243321.64199 -0.537280783861653 -0.515133831735082 15.5518671941106 0.00795742339253412 0.0118862103881264 0.00217151810618918 0.999895335485008
1461243321.74204 -0.540319007892309 -0.520506309308336 15.6699752595151 0.0069010065927955 0.0100067934373579 0.00132599432372997 0.999925238171415
