1461243310.06273 -3.11536085269032e-06 1.63952485042873e-06 -5.60143176684482e-06 -2.28717062636694e-06 -6.17271659865265e-06 1.48076366482819e-05 0.9999999998687
1461243310.20433 -0.00810196378038632 -0.0039138741753046 0.158707377136442 -0.000955447319362106 -0.00111630362870881 0.000961263843560623 0.999998458478038
1461243310.26451 -0.0113692672896252 -0.00574041075102131 0.221575293883848 0.000243058949186327 -0.00269922008768179 0.000342556880260467 0.999996268887064
1461243310.30263 -0.0145902848352086 -0.00717912503082078 0.271215184189819 0.000992429246494709 -0.00320855896516871 0.00182870729169575 0.999992688004867
1461243310.36285 -0.0182230563966344 -0.00878052834667948 0.334961576461008 0.000432266682547725 -0.00346412552589909 -0.000786789585873532 0.999993596950502
1461243310.40312 -0.0212716192244243 -0.0101102226998835 0.3883778048677 0.000367545034973164 -0.00304781509456862 8.85157312756202e-05 0.99999528393826
1461243310.46319 -0.024594257132446 -0.0112698546315479 0.452628893623414 -0.000848388681866504 -0.00203101832364803 0.00114105461241626 0.99999692659307
1461243310.5426 -0.0286686485595369 -0.0133846028541081 0.552087842653401 -0.00110407990549275 -0.00103168446698255 0.00141270640492579 0.999997860445379
1461243310.60267 -0.032226096101186 -0.0158050672111695 0.629864935014087 0.000175266895956499 2.19947497499729e-05 -0.0014688588829787 0.999998905625065
1461243310.66266 -0.035798653448098 -0.0177160971258162 0.708933195558661 0.000917431904478014 0.000805979198933464 -0.00171494566120283 0.99999778383635
1461243310.72487 -0.0387561783586695 -0.0198607247215023 0.790076817888922 -9.38015682873105e-06 0.00267416569500519 -0.00320430365117365 0.999991290556053
1461243310.78261 -0.0411501904270543 -0.0217443689799045 0.859390644581088 0.000216862632470228 0.00367309025168439 -0.0011716484729148 0.999992544281435
1461243310.84258 -0.0446943647455313 -0.0240183591339577 0.951338217842899 -0.000510740452962796 0.00506756526944233 -0.00123957769814572 0.999986261092401
1461243310.90261 -0.0466719800743017 -0.0253096662022668 1.02107411851695 -0.00114610116885211 0.00602836197094796 2.95611550600993e-06 0.999981172470422
1461243310.98256 -0.0497444408284634 -0.0277108867146843 1.12713209470264 -0.0020745855622081 0.00710742996115323 0.00226150885087601 0.999970032606883
1461243311.04263 -0.0523193210457628 -0.0297945302003762 1.20944937426605 -0.00147735825551094 0.00679988080425332 0.000225643247943059 0.999975763765681
1461243311.12466 -0.0559392492996309 -0.0328854250974065 1.31547829932547 0.000720608794460185 0.0074069662362216 7.69018170473734e-05 0.999972305446632
1461243311.20288 -0.0599385026638158 -0.0360820800442511 1.42095092328759 0.00134382283523692 0.0068863171786768 0.000791019830477779 0.999975073221093
1461243311.26249 -0.0620495562731901 -0.037668707193458 1.49333746499493 -0.00062923581725072 0.00628871210399711 0.00164488758399912 0.99997867502622
1461243311.32284 -0.065112909167502 -0.0396743421727099 1.57770408569351 -0.000612367446544332 0.005850301530365 0.00192614818250636 0.999980844282176
1461243311.38297 -0.067989101740312 -0.0419013320062578 1.66130008903163 -0.000592030195976066 0.0059433825769755 0.000834127771769058 0.999981814801975
1461243311.4226 -0.070451784031548 -0.0431961737758523 1.72058601298425 -0.00101873083491809 0.00566493178547933 -0.000379593581792397 0.99998336318364
1461243311.48285 -0.0731780551601368 -0.044631321373419 1.79376720291843 -0.00224672459075441 0.00608893982022079 -0.000304031241295626 0.99997889207997
1461243311.54294 -0.0754933004903786 -0.0467646952214412 1.87907464804067 -0.0010875224406261 0.00635504560938272 -0.00108344334932729 0.999978628191999
1461243311.5827 -0.0777989095573558 -0.0482714612027834 1.93848654599622 -0.000584939594720201 0.00622830948394721 -0.0014784802116661 0.999979339838032
1461243311.64273 -0.0805204473451013 -0.049970025272582 2.01043829274542 -0.00102438964585112 0.00622825480728379 -0.00103606950542464 0.999979542804696
1461243311.70246 -0.0828962530996701 -0.0523744355664102 2.09688357671566 -0.000461467871114526 0.00556918130879683 -0.00065001428895393 0.999984174248962
1461243311.78245 -0.0865511796017108 -0.0554897391284015 2.20442056919988 0.000186600790316269 0.00577671100002501 -0.0012224910150683 0.999982550000692
1461243311.84261 -0.0893330685783633 -0.058306144262107 2.2859310879778 0.00272780339486066 0.00602787026774541 -0.000428764961472441 0.999978019773076
1461243311.92249 -0.0926613706414448 -0.0597175544444645 2.39169985435465 -0.00394130520668444 0.00718127824031834 -0.00205468020189357 0.999964336186732
1461243311.98265 -0.0949564341890428 -0.0613439087789944 2.47642063255765 -0.00354392076489424 0.00697662331812784 -0.00219914259149894 0.999966965016621
1461243312.06317 -0.0989953581675258 -0.0646207689823067 2.56697700383886 -3.30161336895527e-05 0.00768550220066692 -0.00249788009754675 0.999967345747288
1461243312.12443 -0.100488489488221 -0.0668439564728952 2.64960104773954 -0.000254769126340618 0.00742804363567424 -0.00217813633086388 0.999970007041493
1461243312.18332 -0.103799878719998 -0.0691078931229873 2.73003164787849 0.000247958600749774 0.00767478097266966 -0.0013735057924831 0.999969574404838
1461243312.24344 -0.106145227266961 -0.071281405322575 2.80966097555852 -0.00026399694959407 0.00781455822208384 -0.000113581773870971 0.999969424574864
1461243312.32493 -0.109081107570327 -0.0735160349870621 2.89960390314468 -0.000562081439884495 0.00727933743781193 0.000765395314348625 0.999973054377434
1461243312.40259 -0.112558315418598 -0.0761622803321265 3.01319132162425 -0.00163140525070267 0.00679228368910516 0.00159235693018897 0.999974333569918
1461243312.48289 -0.115740503337584 -0.0787050524437229 3.10334459997133 -0.000291466274206433 0.00638745438996602 0.00185847400688741 0.999977830528354
1461243312.56285 -0.119467352999892 -0.0812182400769788 3.20513009532676 -0.00163045842107106 0.00568674604530874 0.00271747145101362 0.999978808712298
1461243312.62438 -0.12237456620902 -0.083119945441786 3.2856995446006 -0.000483180964764484 0.00490331874887627 0.00243650155704185 0.999984893616681
1461243312.68246 -0.125659577651018 -0.0852675824771987 3.36732822788655 -0.000495911839897201 0.00437816661759696 0.00128549403349352 0.999989466561326
1461243312.74255 -0.128435897064619 -0.0872140002471225 3.43953817258689 -0.00041470635255838 0.00392895672799962 0.000249489266741009 0.999992164505691
1461243312.84249 -0.133536935694499 -0.0907417744081101 3.58109932074339 -0.000201506520792046 0.00461956407208189 -0.000599779758999641 0.99998912958449
1461243312.94301 -0.13871823375484 -0.0939269828304818 3.71270590341727 -0.00147875155038838 0.00612820451136721 -0.000316183118596276 0.999980079017355
1461243313.02263 -0.141988672584623 -0.0962210103045774 3.82449118296374 -0.00203728747179818 0.00707037103950658 0.000229282503469205 0.999972903004204
1461243313.1027 -0.145785138275663 -0.0996107741455131 3.93454339584416 0.000127708158780536 0.00708214393295015 -0.00014151202975547 0.999974903136216
1461243313.18284 -0.149729026033831 -0.101684468195784 4.04502131716358 -0.00210464913999234 0.00641423333486994 0.00145029450892249 0.999976162070157
1461243313.24255 -0.153527237348952 -0.102002436751477 4.13160752588529 -0.0061768710702261 0.00521433009652372 -0.00235425872844385 0.999964556617516
1461243313.30301 -0.156710207131377 -0.105230015185871 4.22006598977088 -0.000897547762078113 0.00471758839883662 -0.00178922187508283 0.999986868640182
1461243313.3828 -0.160508286349955 -0.108471695367426 4.31268593669577 -0.000358074492184804 0.0041498882656465 0.00279655551483597 0.999987414664451
1461243313.4429 -0.163025585572433 -0.108383304270637 4.40231075809467 -0.0078618443722178 0.00283211896413744 0.00771316254054951 0.999935336723762
1461243313.48255 -0.165004427778246 -0.110641295057034 4.46311517259647 -0.00223445650837761 0.00268541300219628 0.0112909025854002 0.999930153200676
1461243313.56248 -0.17103911532297 -0.113866245787999 4.55358646237718 0.000411573177787014 0.00102306569106691 0.00491861101753495 0.999987295524183
1461243313.62244 -0.174195727318432 -0.11750520416427 4.64137500229914 0.00325126765696661 0.00214898649575485 -0.00265793046194843 0.999988873198759
1461243313.68259 -0.179479738955352 -0.123606306001978 4.71856547112746 0.0151588476005891 0.00175345225084244 -0.00756142521154674 0.999854969279743
1461243313.74277 -0.18376798026841 -0.124422844828857 4.79889699886985 0.0027227726801137 0.00261157370299136 -0.00917277308432653 0.999950812003105
1461243313.80243 -0.185930284768603 -0.126573966336753 4.87319801018815 0.00410943137578275 0.00283589667909946 -0.0139066222660705 0.999890832101656
1461243313.86254 -0.190008811629577 -0.129650274423265 4.95316745439467 0.00366489148520923 0.00296029472344481 -0.0137930491841938 0.999893772867775
1461243313.92242 -0.193651091714042 -0.129884379000353 5.03299268480756 -0.00340027963642462 0.00145588103594879 -0.014833947568731 0.9998831294248
1461243314.00239 -0.195692816532356 -0.132209106566428 5.13537615115782 -0.00260722490658493 0.00305600201144843 -0.012276867636495 0.999916567395015
1461243314.08257 -0.200919918277496 -0.134148400214662 5.23713573376524 -0.00321369372284522 0.00275421782381616 -0.00815859551058921 0.999957760995998
1461243314.1624 -0.20396590110812 -0.137726756775075 5.34265349298074 0.000282876636234792 0.0021778028476441 -0.00149992867651327 0.999996463678513
1461243314.22253 -0.207363653323994 -0.138971164090795 5.42590919400878 -0.00440745010923286 3.78229335474892e-05 0.00523054425518329 0.999976606906259
1461243314.28252 -0.211177093178535 -0.143379213271262 5.49639500978928 0.00751486640322323 0.000155335051328017 0.00230908728342384 0.999969084907069
1461243314.36249 -0.217963898961641 -0.147041638461161 5.60166213427883 0.00288947994988185 -0.000394878701696386 -0.00140215318828563 0.999994764457728
1461243314.42268 -0.222014423975812 -0.150193647186432 5.68802534187672 0.0058688330963294 -0.000807985229664741 -0.00131494478492265 0.99998158726957
1461243314.48291 -0.22566870627 -0.151538863951704 5.75991762541704 0.00125937779726823 -0.000940924551372366 -0.00255358730804782 0.999995503900099
1461243314.54283 -0.229997652079677 -0.154602640365994 5.84765427791723 0.00371977936888212 -0.00189964807630911 -0.00153364321018115 0.999990101209575
1461243314.6027 -0.234778425867254 -0.157969467686783 5.93349304527618 0.00431731514490221 -0.00172198118384058 -0.000901848487678692 0.999988791057204
1461243314.68229 -0.240524116852906 -0.162116655963938 6.04617672016381 0.00600560793321238 -0.00257315971546809 -0.00230356557926377 0.999976002266081
1461243314.76276 -0.246220610094878 -0.164042209832224 6.14772766045987 9.89297834604155e-05 -0.00259479280344668 -0.00271852695951181 0.99999293341222
1461243314.82314 -0.250332430112961 -0.167176489018467 6.23863611235454 0.00412589483240343 -0.0021925907470047 -0.0044775220622 0.999979060447683
1461243314.9029 -0.256260415830259 -0.170762824407699 6.35269968224174 0.00189300026964079 -0.00160490772544362 -0.0033110500939389 0.999991438847577
1461243314.96265 -0.260921970249804 -0.173165775236556 6.44461218060058 0.00330711387525237 -0.000979028921231289 -0.004878252681337 0.999982153416232
1461243315.0427 -0.266283767511109 -0.177043908874274 6.56190923908978 0.00273786265009142 0.000660650357207998 -0.00536910217385733 0.999981620026619
1461243315.12232 -0.270892282699711 -0.181112800457805 6.68146818498835 0.00360420759850691 0.00177780133883349 -0.00404505432330303 0.999983743190612
1461243315.2026 -0.275487152068405 -0.184198165166084 6.78805676093656 0.00355418648302937 0.00255071884346411 -0.00417683687463991 0.999981707645469
1461243315.26239 -0.279150027595898 -0.187470929024101 6.88063830740119 0.00449934217101864 0.00338441768219252 -0.0042389407858924 0.999975166200638
1461243315.3224 -0.282623439316145 -0.190498160227302 6.97415452830092 0.0037198564019714 0.00369365203769713 -0.00468409608698406 0.999975289118097
1461243315.38255 -0.285936540942977 -0.193910753212423 7.06809609017689 0.00421501076412126 0.00443028735900123 -0.0031860559113858 0.999976227360383
1461243315.44252 -0.289437721897837 -0.196405489694855 7.14837580521678 0.00340140760836362 0.00418151636895067 -0.0041556857951573 0.999976837543105
1461243315.48234 -0.2918545661454 -0.198618963623383 7.21573538238146 0.00299884730453196 0.00427617876986064 -0.00225396421568879 0.999983820296752
1461243315.54278 -0.295327528721672 -0.20172557745002 7.3107941368788 0.00358614136449208 0.00432437850730622 -0.00375999470071985 0.999977150629198
1461243315.6023 -0.299194226047477 -0.204547116930817 7.39177792795448 0.00310942687485067 0.00455795803035378 -0.00375011697344444 0.999977746305281
1461243315.64256 -0.30091099635375 -0.206048190167398 7.44718660307115 0.00292481569170998 0.00377014719651047 -0.00154114632556324 0.999987428076618
1461243315.68265 -0.303995379630888 -0.208378769509918 7.51583150886699 0.00330735088800451 0.00382693959544909 -0.00252734640557842 0.999984014114017
1461243315.74269 -0.309616641859472 -0.211090639552453 7.60915125191969 0.00307554797108838 0.00285546721157687 -0.00492146578094504 0.999979083024364
1461243315.80266 -0.312043125590965 -0.213610183782534 7.69304686304901 0.00126490640274523 0.0021334285642377 -0.000237113037761331 0.999996896131064
1461243315.86248 -0.316529546915822 -0.217461678933866 7.78893008337354 0.00308847904918737 0.00211657430792589 -0.00299201314369255 0.999988514567897
1461243315.9223 -0.320949917822903 -0.220481945844161 7.8834721439978 0.00323713870293617 0.00215549870225718 -0.000277839880669573 0.999992398752792
1461243315.98271 -0.323224416011449 -0.222364545189363 7.96925972790121 0.00151669816232494 0.00213368283782193 -0.00241793948208182 0.999993650276287
1461243316.04261 -0.327886777802999 -0.226179898914003 8.06380874898541 0.00309917034004157 0.00289111849483738 0.000101041670709529 0.999991013143435
1461243316.10266 -0.331307472504727 -0.229431636791181 8.15875870613289 0.00388156202123583 0.00315192128717566 -0.00155101277359466 0.999986296520033
1461243316.16279 -0.335041520389471 -0.231873425810177 8.23674142821588 0.00250202395921962 0.00358711760890767 -0.00120009477643611 0.999989716065068
1461243316.20279 -0.337197746286176 -0.234171191056597 8.30441431218306 0.00252141196161015 0.00410318647784233 -0.000400202321568306 0.999988323022099
1461243316.26256 -0.340637143783447 -0.236796047058438 8.39705711871271 0.00222721897663792 0.00470935134851609 4.11535840044713e-05 0.99998642981387
1461243316.32462 -0.342826880998336 -0.239495833439077 8.478585182881 0.00252539702032196 0.00486268383674566 -0.000827191795353509 0.999984646096893
1461243316.36413 -0.345494716599944 -0.241859501353874 8.54000408204846 0.00322892895192043 0.00478958557271295 -5.37909257755408e-05 0.999983315358012
1461243316.4223 -0.348517180317078 -0.244643711022174 8.63034225229945 0.00112768419797745 0.00457057520346033 -9.13358281595561e-05 0.999988914852773
1461243316.4824 -0.351543996850347 -0.247360865393439 8.70959345218486 0.00290096868694736 0.00439279325417811 -0.000168784569384706 0.999986129533741
1461243316.54239 -0.355371603516409 -0.250192379595292 8.79732768436599 0.00240631051756003 0.00496989029285287 -1.35107707283855e-05 0.999984754722605
1461243316.60252 -0.358483493693375 -0.252799484006878 8.88749084743535 0.00086895799587034 0.00430200325108565 0.000559026002124677 0.999990212537082
1461243316.66244 -0.362307494675751 -0.255805949748949 8.97556827852042 0.00255420139384917 0.00446731076874358 0.000516731092697159 0.999986625999925
1461243316.74306 -0.366468470745388 -0.259316739641851 9.08794370263452 0.00258668420720629 0.0035153585255755 -0.00100663785258852 0.99998996894943
1461243316.82315 -0.371151616070262 -0.263087695169619 9.20128520184629 0.00387380981441543 0.00377667221625035 -0.00168853158565526 0.999983939473818
1461243316.90261 -0.376077683035423 -0.266662941349966 9.31726868695084 0.00235247998334322 0.00339360633035029 -0.00110012933583965 0.99999086945304
1461243316.96262 -0.379029625228519 -0.269219434011842 9.3935746269697 0.00325719905134814 0.00375690171656397 -0.00203605366223372 0.999985565310478
1461243317.02227 -0.382474948297894 -0.271816225337111 9.48143301918745 0.00295348467767844 0.0039462952385639 -0.00185034776921123 0.999986139851589
1461243317.08229 -0.38554306065408 -0.274861935282575 9.57408943969501 0.00256287493540238 0.00466997608931063 -0.000237660828869665 0.999985783155301
1461243317.1422 -0.38895608460547 -0.277616243026421 9.66359642476321 0.00318832866623427 0.00503265476956643 -0.00151722790158567 0.999981102304329
1461243317.18279 -0.390905327360384 -0.279354954368721 9.71574322772484 0.00258522864696306 0.004946315046796 -0.00179010150251493 0.999982822900929
1461243317.22261 -0.393618564525896 -0.281364046642348 9.78017063447806 0.00242748994094798 0.00511637693943043 -0.00214961030565584 0.999981654409287
1461243317.28226 -0.396465272505857 -0.283795397334024 9.85827115987045 0.00214689672495016 0.00499883410502484 -0.00116522495366532 0.999984522251645
1461243317.34235 -0.40010764000124 -0.286691714354351 9.95070999309916 0.00244692319582343 0.00488646956029329 -0.00319739320655471 0.999979955628508
1461243317.42233 -0.404642374256589 -0.290165456620893 10.0656432222475 0.00170700981427851 0.0045552710069725 -0.00351685138779965 0.999981983527635
1461243317.4822 -0.407865457790915 -0.293194409854525 10.1571321814236 0.00247451576387211 0.00450460919272658 -0.00134198616599022 0.999985892070926
1461243317.54241 -0.411790493419308 -0.296760079273063 10.2467975348072 0.00443635428783716 0.00448847130672635 -0.00152152313101 0.999978928454657
1461243317.60278 -0.414677525969978 -0.29886752362562 10.3259345770316 0.00184683113334708 0.0044179113644648 -0.00283659737394254 0.999984512374706
1461243317.66358 -0.418931623444764 -0.301896636204 10.4165185306759 0.0038343747215671 0.00419487334866364 -0.00626853566413442 0.999964202393621
1461243317.72215 -0.422971167386445 -0.304672512437399 10.5090764113154 0.0035171537677755 0.00317010671775925 -0.00917010517482 0.999946743193784
1461243317.78227 -0.426630588274947 -0.307624735940022 10.5882197987612 0.00411830603626529 0.00281262150447259 -0.00918676832332894 0.9999453645092
1461243317.84266 -0.430587474328014 -0.310137424732981 10.6777402720809 0.00356846045432668 0.00282477569223035 -0.00807740093546997 0.999957020239571
1461243317.90286 -0.434776309162239 -0.312872890424079 10.7718156387412 0.00233990277814002 0.00190559747634004 -0.0115513708798615 0.999928727152112
1461243317.94285 -0.437431156741279 -0.314715613277441 10.824369247022 0.00370742059335335 0.00144477496106526 -0.0111092081724838 0.999930374151939
1461243317.98225 -0.440858166525819 -0.317038907413505 10.8904120294264 0.00401060228022114 0.00162258907571783 -0.0135188717103082 0.999899256116196
1461243318.02242 -0.443538525830451 -0.318798252860742 10.9433954435498 0.00453251330275513 0.00105284438525915 -0.0146422113371574 0.999881969778943
1461243318.06266 -0.446843605807373 -0.321506329913461 11.0108827279307 0.00580796398264081 0.00116667082915373 -0.0176017555214004 0.999827527444668
1461243318.1022 -0.449671966181874 -0.323912119161096 11.0629235041324 0.00736887713618562 0.00060309679701365 -0.0183648067844772 0.999804015692963
1461243318.16231 -0.453381687563369 -0.326555838855292 11.1531761115265 0.006431157479288 0.000921132017818881 -0.0140137061041655 0.999880696768624
1461243318.22216 -0.457375356302399 -0.32902052604593 11.2374184810721 0.00256217819629626 0.00104754260502769 -0.0138103764668121 0.99990080077937
1461243318.30232 -0.462964455415127 -0.335906899056257 11.3513629977159 0.0115238480423218 0.000163154626456486 -0.00826237528991588 0.999899448675433
1461243318.36231 -0.467773762857009 -0.33978397432031 11.4480609309332 0.00803040885300276 -0.000900603468493545 -0.0128142168784562 0.999885242061727
1461243318.42245 -0.471057984954731 -0.3430175609745 11.5257118791249 0.00925083750613948 3.30153900005991e-05 -0.0119195325770538 0.999886166350232
1461243318.48263 -0.474944910720858 -0.346781828802346 11.6179097622133 0.00732058083671213 0.00158973088195064 -0.0124658749770062 0.999894236313518
1461243318.54258 -0.478768781911415 -0.351282810546992 11.7069561741437 0.0102068056033798 0.00211983116462039 -0.0103939762834788 0.99989164047522
1461243318.62407 -0.482733461578591 -0.356115487091041 11.8224262713685 0.00799046368580278 0.00346772890437913 -0.00773277721674857 0.999932163450525
1461243318.68388 -0.485929136924844 -0.359370265645569 11.8977225558307 0.00889174344639042 0.00385150592689279 -0.00720307969552772 0.999927106565013
1461243318.74369 -0.489365538644238 -0.363280182483747 11.9851646839591 0.00902691822385532 0.00390324473734284 -0.00601995952701473 0.999933517547639
1461243318.82337 -0.493632946450536 -0.36735444990868 12.071131779772 0.00961316257342766 0.00383112314258494 -0.00744059096380982 0.999918770304325
1461243318.86344 -0.496339530047467 -0.370452565090854 12.1443704176433 0.010195703266068 0.00309853306443592 -0.00882709174620611 0.999904260006458
1461243318.92261 -0.500209515774077 -0.374484444551881 12.2287103416028 0.00966503996433834 0.00312496863735381 -0.0100991178399492 0.999897409433767
1461243318.98238 -0.503989744326521 -0.378171791295668 12.3126923582319 0.00863214318940833 0.00314980489650896 -0.0109798565885094 0.999897498537909
1461243319.06212 -0.508392848587719 -0.382772792829519 12.4193306834566 0.00807758215879311 0.00444267254033444 -0.010030851718268 0.999907194364044
1461243319.16207 -0.511644251565022 -0.389284603186174 12.5511093446343 0.00897073846726021 0.00663665992023798 -0.0116003466560176 0.999870447885083
1461243319.24225 -0.51562588377318 -0.394025324104167 12.6534054534006 0.0109853473403008 0.00841808786277963 -0.0113791006614093 0.999839474120063
1461243319.32247 -0.518187301949013 -0.398347340827918 12.7597189082675 0.0092190996995215 0.00884110696950925 -0.010182199224517 0.999866574022372
1461243319.40265 -0.520916665512281 -0.403042269092724 12.8646847885469 0.00924912922914555 0.0087277109625474 -0.00773720961404274 0.999889201990523
1461243319.50243 -0.524985489580584 -0.40914397274038 12.9897595806787 0.00970492350735676 0.00714336647202471 -0.00619285728276324 0.999908213434532
1461243319.58245 -0.5284380341109 -0.412962895662656 13.0822263856983 0.00866005430387777 0.00658379334933016 -0.00614874004606366 0.99992192201213
1461243319.66221 -0.533283758265337 -0.418067454336234 13.1860335922837 0.0108365181089751 0.00426931787518684 -0.0068955586313391 0.999908392839722
1461243319.70207 -0.535566088429191 -0.42025020225218 13.2435095200642 0.00974378648266235 0.00429176958654235 -0.00703884374878233 0.999918543691173
1461243319.74239 -0.537691767662577 -0.421695601969178 13.28975886917 0.00750909542065367 0.00325743342468182 -0.00694164979256279 0.999942406397291
1461243319.80215 -0.539192375092032 -0.424839450196965 13.3747644584578 0.0109350182105649 0.000781035273967383 -0.00688408621433521 0.999916208848336
1461243319.8821 -0.546720521323381 -0.430752266510721 13.4753155235393 0.012015530185507 -0.000326638061856483 -0.00602978168484842 0.999909576949221
1461243319.96208 -0.551977474270503 -0.4340567402508 13.5840363447632 0.0051078558975173 -1.9526978408155e-05 -0.00513800031405902 0.999973754845396
1461243320.02372 -0.555779620828574 -0.438866533540356 13.6679927348223 0.0120758251384315 0.00064794549764429 -0.00741777786973084 0.999899360528515
1461243320.08303 -0.55963445578589 -0.442980263306214 13.7526589766692 0.0108432959830026 0.00195761619952929 -0.0117797628539758 0.999869905466779
1461243320.12221 -0.561710972341829 -0.445124449209349 13.8016853458823 0.0112664845409508 0.00294968154442434 -0.0144713843620219 0.999827457484301
1461243320.16261 -0.563752972551447 -0.447579742186504 13.862916406646 0.0106534981245871 0.00472280278018418 -0.0112296702332871 0.999869037733473
1461243320.22235 -0.565285901575986 -0.44986760209489 13.9376148402823 0.00610687616967861 0.00779001984563402 -0.00608786262872058 0.99993247751179
1461243320.32253 -0.567960488232234 -0.456823239108869 14.0874116873337 0.00980614930171771 0.0125423403957664 6.95618622929044e-05 0.999873254114949
1461243320.38209 -0.568890954302403 -0.46152857609948 14.1625586001613 0.0129492943028789 0.014877514437265 -0.00491499726233032 0.999793387727253
1461243320.4422 -0.56912053733681 -0.465242502007598 14.249952945153 0.0110220916590918 0.0178346778328897 -0.00751793410427952 0.999751928444682
1461243320.48244 -0.569117485862995 -0.468166806474432 14.3136467249458 0.00976500200334746 0.0225658699694041 -0.00760563563592308 0.999668735409372
1461243320.56201 -0.565930112156842 -0.472741542946761 14.4292069477221 0.00777773490652105 0.0285694237753884 -0.0042925699084504 0.999552334151868
1461243320.72408 -0.559101511990294 -0.483013385474495 14.6543762148958 0.00800521651334643 0.0381398091648838 -0.00688075639957088 0.999216656514897
1461243320.76256 -0.556429039486367 -0.484912368062796 14.7046697066419 0.00790440785456988 0.03976114500204 -0.00373920560441381 0.999170951352191
1461243320.82467 -0.55236404207974 -0.488580685955291 14.7906582265526 0.00779784252279223 0.0428069712544538 -0.00362489611620697 0.999046353775518
1461243320.86229 -0.549573216672562 -0.491492419493981 14.8512969245544 0.00834093950602244 0.0434990019677447 -0.00186753512153751 0.999016905697064
1461243320.90256 -0.547587166756081 -0.493294090515773 14.8994215102254 0.00803214618169213 0.0447637295280128 -0.00242252956619678 0.998962373914533
1461243320.98228 -0.542887163450136 -0.497654499873772 15.0070469450546 0.00785403771152743 0.0450600300491566 -0.00222973286452817 0.998950917750691
1461243321.0266 -0.541096102424839 -0.499771021027229 15.0544891363099 0.00655204829608409 0.0445233455453474 -2.10534884303958e-06 0.998986857951666
1461243321.06355 -0.539117544023393 -0.502117493715463 15.1134808314456 0.00722520867866222 0.0432302976907794 0.000664686717154365 0.999038785990156
1461243321.10269 -0.537146934839624 -0.505028079466505 15.1740396495575 0.00726866035802421 0.040748790846858 0.00146243299745709 0.99914191379946
1461243321.14378 -0.536184953209097 -0.50645707574656 15.2202365729388 0.0080339337126045 0.0376041190235747 0.0036907512344479 0.999253603694722
1461243321.20393 -0.535876865733468 -0.510024228205178 15.3018648500506 0.00619799452614622 0.0332263233084017 0.00593339858063758 0.999411022094785
1461243321.24255 -0.535917693847661 -0.51178026377008 15.3491104354722 0.00608642817960656 0.0300251732309075 0.0032112471049957 0.999525453531074
1461243321.28255 -0.536693422700847 -0.514175253742362 15.4049364241521 0.00724713661654251 0.0256675863227986 0.00328026252081792 0.999638881747312
1461243321.32446 -0.537054434784998 -0.516268025623085 15.4511541093562 0.00764212009559948 0.0232579839225689 0.0035363753516562 0.999694032308723
1461243321.36238 -0.538604647400311 -0.518691840557165 15.5062000770826 0.00748714039657111 0.0209551315565066 0.00194104787656653 0.999750497635921
1461243321.42458 -0.540035529878144 -0.521677577567372 15.5727043623334 0.00837634977195245 0.0180092540189197 0.00446096933772982 0.999792780173346
1461243321.48209 -0.541681964675424 -0.524893193754502 15.6499381198962 0.00750184310848524 0.0153461962022071 0.00409903229524181 0.999845695368211
1461243321.52417 -0.543022995412021 -0.527229497161583 15.703816698384 0.00716196431792675 0.0153497444235221 0.00567852356767897 0.999840410257223
1461243321.58227 -0.543964673074385 -0.530237579275746 15.7683260388139 0.00687129917969743 0.0141340122451118 0.00370913110756493 0.99986962014648
1461243321.62382 -0.545658383044829 -0.532594712065153 15.8192898090418 0.0077588998078068 0.0124041333042916 0.00328356817339408 0.999887571245284
1461243321.66216 -0.547402917607009 -0.535115309771193 15.868979091626 0.00813203839503248 0.0117921428702019 0.00334101714372004 0.999891820609868
1461243321.70203 -0.548627348013767 -0.536889075996801 15.9099214239659 0.00769580669335962 0.0113580658019981 0.00236859480683057 0.999903074632345
1461243321.74204 -0.550030178240651 -0.539035130321874 15.9584655338176 0.00737439676411681 0.01037112282062 0.0024186935273456 0.999916100483148
1461243321.80218 -0.551944396173782 -0.541417948452656 16.0150858677579 0.00604469972440089 0.0104389485763139 -0.000435232886840001 0.999927147611363
