1461243310.06273 3.43202415485453e-06 -2.58981465980999e-06 3.57291658442979e-05 -2.1279190202052e-06 -2.95869290061187e-06 9.95105987275522e-06 0.999999999943847
1461243310.20433 -0.00439508977817219 -0.00452035677007796 0.163840623032118 -0.000322961481144514 -0.00104464217983005 0.00137406410512675 0.999998458182028
1461243310.26451 -0.00694586897240476 -0.00659080589560898 0.234266543290497 -0.000206596259292451 -0.00243983677830371 -5.92606096566222e-05 0.999997000496832
1461243310.30263 -0.0084600446651819 -0.00808588502014358 0.281470784686292 0.00095071496913171 -0.00324677224276301 0.000862482688628844 0.999993905348759
1461243310.34454 -0.0101597457188966 -0.00950565675671777 0.330256879559622 0.000739798468479581 -0.00339993936814438 0.000206982191967534 0.999993925115993
1461243310.38301 -0.0118257418023596 -0.0108280205665023 0.378627189379874 0.000464171756771908 -0.00358771799002442 -0.00093289193699303 0.999993021244068
1461243310.42269 -0.0131944588398725 -0.0122901481444833 0.427498283787179 0.000605437915751177 -0.00313239661434653 0.000144260163059073 0.99999490034969
1461243310.46319 -0.0144633636693291 -0.0135203278718059 0.479501921343563 -0.000181376941068487 -0.00245128491823109 0.00106986630271901 0.999996406838919
1461243310.5426 -0.0169058930973298 -0.0161373386610831 0.58078980973754 -0.00116520542128362 -0.00136318402045452 0.00135793735534977 0.999997470012695
1461243310.60267 -0.0187326600146747 -0.0184776687537098 0.658558232943801 0.00026615511037588 -0.000373648447667026 -0.000871874957878411 0.999999514691059
1461243310.66266 -0.0204665153354248 -0.0207124047181545 0.736054002898035 0.000526406412032762 0.000264097969221047 -0.0018391429380603 0.999998135349164
1461243310.72487 -0.0218160352419599 -0.0226854818101806 0.813869752216455 0.000120655165375878 0.00246024475047685 -0.00282369985713099 0.999992979653965
1461243310.78261 -0.0231645057256374 -0.0251518088259385 0.899661691374243 0.000207621228765416 0.0032189315634339 -0.00145960151872183 0.99999373244857
1461243310.84258 -0.0242174209685065 -0.0275484184041599 0.983025164643288 6.33853557394335e-05 0.00440480281346257 -0.00149071706208635 0.999989185670081
1461243310.90261 -0.0251657711098742 -0.0296542638892126 1.06302805662975 -0.000663875878948994 0.00532680363541602 0.000657859246251425 0.999985375719595
1461243310.96254 -0.0257271644027449 -0.0316341428986484 1.14467551854232 -0.00149390185459143 0.00642948947384869 0.00205158547518715 0.999976110174334
1461243311.02445 -0.0264301242278364 -0.0339179955932634 1.22380163871479 -0.00137239572543214 0.00675152034264301 0.00136898657693269 0.999975329385074
1461243311.10263 -0.027857904444323 -0.036902612018105 1.33170120619113 -0.00033486870006849 0.00679978918831409 -3.95418612530385e-05 0.999976824314639
1461243311.16277 -0.0287295674066506 -0.0399319567423398 1.41483407636793 0.00160283282943939 0.00673258666022595 0.000660942875207435 0.999975832887125
1461243311.22419 -0.029831594819941 -0.042425556312924 1.49848050743483 0.000992236982328239 0.00630149510000386 0.00125665440292641 0.999978863499118
1461243311.30276 -0.0312041089957422 -0.045343095183204 1.60748787705605 -0.00030779217906216 0.00594074407893425 0.00124224595614045 0.999981534653889
1461243311.36308 -0.0325407558611287 -0.0477321550829982 1.69227132455611 -0.000644502575305576 0.00572063411208323 0.00229190541055504 0.999980802881423
1461243311.44291 -0.0342569675366425 -0.050704588069433 1.80466967286338 -0.000729330203438725 0.00533649859220964 -0.000609218009206272 0.999985309248914
1461243311.50287 -0.0353629900589455 -0.0526552787514771 1.88824966488728 -0.00185610589799974 0.00598288823248345 9.26432742843879e-05 0.999980375475698
1461243311.56281 -0.0364028160196955 -0.0549830451825242 1.9692880448116 -0.000825505057002621 0.00618062300865985 -0.00116523003550916 0.999979880137391
1461243311.60292 -0.0372564043783565 -0.0565629448991221 2.02376975095453 -0.000444713647945785 0.00583019990916793 -0.00106876865487043 0.999982334210136
1461243311.64273 -0.0379906975167577 -0.0580618775220568 2.07882409475647 -0.000997417358152716 0.00596529994889127 -0.000451427341785335 0.999981608115114
1461243311.70246 -0.0390470019501313 -0.0604100121576681 2.16024747699312 -0.000501101288404075 0.00597604515640973 -0.000203691094488677 0.999981996983808
1461243311.78245 -0.0407938582059273 -0.0636689768041181 2.2702600094602 9.6082690865139e-05 0.00573548857729541 -0.000722595669068034 0.999983286257523
1461243311.86251 -0.0421516070575525 -0.0676213763883416 2.37919897270113 0.00227885156525629 0.00656122575537959 -0.000753802868473916 0.999975594168861
1461243311.94288 -0.0430973178641075 -0.0694398009945433 2.48632034929642 -0.00367458834772031 0.00692861140078861 -0.00117748032998834 0.999968552147818
1461243312.0028 -0.0441416465461408 -0.0715273193951009 2.56807429697674 -0.00269473752538032 0.00723885389672608 -0.00170896586540944 0.999968707920204
1461243312.06317 -0.0445303521063892 -0.0743953091881959 2.64679165287073 0.000241808504829272 0.00724092897004936 -0.00267216884197618 0.999970184550508
1461243312.12443 -0.0454157069046715 -0.0766980583479166 2.72537187657776 -7.59444929796968e-05 0.00776981618850791 -0.00247086645110382 0.999966758951422
1461243312.18332 -0.0461609113914749 -0.0791801920052801 2.80657564865301 0.000333463194209583 0.00751651373562509 -0.00174493318789108 0.999970172571027
1461243312.22536 -0.0464646457193814 -0.0807670713485242 2.85919372185171 0.000135481494178601 0.00768164210330094 -0.00109726890972074 0.999969884556681
1461243312.26284 -0.0470758025497601 -0.0824145343821391 2.91222906030836 4.35638883508348e-05 0.00764832851437384 -6.40477534957448e-05 0.999970748107668
1461243312.32493 -0.0478001948932355 -0.0845949148151823 2.98851437977218 -1.1623969836014e-05 0.00733873221800614 0.00010834714908231 0.999973065204864
1461243312.40259 -0.0491676633548834 -0.0874605476540767 3.09417124493892 -0.00114174171245014 0.00675715090294875 0.00115483623725468 0.999975851553827
1461243312.48289 -0.0503454394636622 -0.0907449091691185 3.19710823012303 -7.93228019686087e-05 0.0063273583016266 0.00188061281945265 0.999978210532729
1461243312.56285 -0.0519773970303696 -0.0934786414358546 3.29611093490167 -0.000878573792115182 0.00562512486032885 0.00254259332902867 0.999980560459833
1461243312.64285 -0.0534838742658451 -0.0963913515209338 3.40156640693307 -0.000340961253801556 0.00482072280825716 0.00242575638767437 0.999985379934615
1461243312.74255 -0.0560171409314983 -0.100312397602475 3.53706613671616 -0.000271838046084796 0.00400004430952561 0.000429570727053163 0.999991870576251
1461243312.84249 -0.0580282006808609 -0.104230002400009 3.67389412148801 -0.000497898569773308 0.00486960568400934 -0.00081199228366395 0.999987689777243
1461243312.94301 -0.0598207100919001 -0.107909974022494 3.81370762336165 -0.000410833460094862 0.00572529548412415 -0.000339575696326733 0.999983468311269
1461243313.02263 -0.0605346225697855 -0.11045656282309 3.9239989677545 -0.00201503399546362 0.0067495835337863 0.00107177282269777 0.999974616709411
1461243313.1027 -0.0620136399351627 -0.114000428490097 4.03869212326803 0.000197642031839395 0.00682899068127917 0.000608851762300437 0.999976477285058
1461243313.16262 -0.0635220556612191 -0.116293495371851 4.12238398920451 -0.000782833519778049 0.00652323970540554 0.000680940355505483 0.999978185179886
1461243313.22278 -0.0643385356414606 -0.118190912202917 4.20977411687073 -0.00270204286981096 0.00619493859943469 0.000644173991352765 0.999976953104394
1461243313.28247 -0.0663038853851267 -0.119749448791501 4.29359942128968 -0.00466131022809166 0.00520064786507684 -0.00260150868659861 0.999972228415017
1461243313.34255 -0.0667340136837629 -0.124053604466772 4.37784877761635 0.00135190823165886 0.00464682596574199 0.00103870458594293 0.999987750147651
1461243313.40316 -0.0680605581556324 -0.125724779099083 4.46020001557194 -0.00246100237585518 0.00388345448272293 0.00275156635410512 0.999985645462566
1461243313.42243 -0.0689699610355381 -0.125703769771819 4.48865910019171 -0.00563279264469184 0.00353217604707199 0.00419722562209376 0.999969088860487
1461243313.48255 -0.0693770241740519 -0.127569153458088 4.56927861173308 -0.00371955548137153 0.00281847321875124 0.0105346552473729 0.999933618874051
1461243313.52283 -0.0704114838349976 -0.130154026934197 4.6236752699275 0.000652196852892454 0.00266815063191935 0.00981152128223396 0.999948093483656
1461243313.56248 -0.0722440966423274 -0.132223069792207 4.67624431647493 0.000830649448368325 0.00139010452499301 0.00540013251287693 0.999984107973595
1461243313.62244 -0.0748167593594564 -0.134856601524286 4.75723642688171 0.00109717047877786 0.00108863717502191 0.0016791447630337 0.999997395776062
1461243313.66242 -0.0772176635852047 -0.138381853881177 4.80963118863485 0.0085578173813568 0.00172633383333148 -0.0029331326362574 0.999957589233714
1461243313.70242 -0.0791844823460929 -0.141199430024199 4.86280378853213 0.0128351476451402 0.00148615584564803 -0.00622483368321649 0.999897145596159
1461243313.74277 -0.0800482402068229 -0.142458973585481 4.91717026279211 0.00524061099258627 0.0022050641419888 -0.00700440302723476 0.999959305185359
1461243313.78256 -0.0815222958072655 -0.143860022275192 4.96990513097676 0.00130336662943172 0.00232620306345673 -0.00789886779309527 0.999965248347323
1461243313.82277 -0.0823319674236532 -0.145864596390165 5.02246444067757 0.00339565819802896 0.00267083227277594 -0.0103974300605346 0.999936612795286
1461243313.86254 -0.0838339745297723 -0.147560824543872 5.07499125637712 0.00352580269604415 0.00285155840369419 -0.0117806439137728 0.999920323705342
1461243313.90241 -0.0844187717994442 -0.148761652824705 5.12582538775076 -0.000672307271920357 0.00229978568491755 -0.00842738539542049 0.999961618345491
1461243313.94249 -0.0865928570128802 -0.149288588262639 5.17554591069663 -0.00339573179656004 0.00369206753376235 -0.0145678307433566 0.999881300930428
1461243313.96303 -0.0873601994321591 -0.149738610537723 5.20021084512492 -0.00457822617763654 0.00283692605514158 -0.0140896445029712 0.999886230334934
1461243314.00239 -0.0872733412133953 -0.151047696547335 5.25192181889061 -0.00357459380979073 0.00289206077201826 -0.00928925841626546 0.999946282528048
1461243314.0424 -0.0881125208018817 -0.152249804278696 5.30308443293549 -0.00270686338232099 0.00358269343007904 -0.00682153661166264 0.99996665136227
1461243314.06276 -0.0885149198752197 -0.152873399830287 5.33075351736503 -0.00303098978595602 0.0034438240060873 -0.0075243336065427 0.999961168036494
1461243314.12269 -0.0897961311947802 -0.155385029171588 5.40816100057937 -0.00140384815146835 0.00220518813550144 8.27668949880176e-05 0.999996579746799
1461243314.18236 -0.0929375828669789 -0.157841193528865 5.48437265221238 -9.70000407998582e-05 0.00320590819663171 0.00190366060707503 0.99999304438577
1461243314.24242 -0.0922763436757534 -0.159535252301896 5.56559604374108 -0.00294512768915912 0.00113390046855667 0.0057267456545172 0.99997862220991
1461243314.28252 -0.0935206429122369 -0.162791215205361 5.61698044607321 0.00457886678614679 0.000589467171724334 0.00466145943355626 0.99997847842009
1461243314.343 -0.0961555342701545 -0.165423621554143 5.6962847105661 0.00526593834895524 -0.000871768132764848 0.00111607311257012 0.999985132036689
1461243314.40289 -0.0985724532002492 -0.168181144689172 5.77764402321832 0.00314648486708694 -0.00131415066208658 0.000863240717190786 0.999993813709106
1461243314.48291 -0.10110593991195 -0.171269150984709 5.88440241725714 0.00175108247103008 -0.000955377934576225 0.000728821696660959 0.999997744888515
1461243314.56246 -0.104335114410196 -0.175498184848205 5.99600069841451 0.00364581017521439 -0.0020765157126078 0.00115735094356302 0.999990528299871
1461243314.62233 -0.106673855885434 -0.178310505775144 6.07679133700788 0.00370302722492356 -0.00218313999157251 0.00162871821768962 0.999989434327241
1461243314.68229 -0.109226685487545 -0.181714891738597 6.15977393698947 0.0048143192411443 -0.00244463337890196 0.00117341217953342 0.999984734484354
1461243314.74232 -0.11210517962868 -0.183725164211068 6.24313282679106 0.00215025413299283 -0.00300125533810463 -0.000462445295507528 0.999993077484993
1461243314.80232 -0.114259775539865 -0.185959094534597 6.32390786830733 1.8777432060079e-05 -0.00228851542670093 -0.000573448375853438 0.999997216746882
1461243314.86241 -0.116751546459944 -0.189685810094168 6.41070434740521 0.00483882502755108 -0.00245004385103645 -0.00217578445731936 0.999982924363949
1461243314.94264 -0.119645454947547 -0.192611168491248 6.52263372087371 0.00157890374051586 -0.00144008933767669 -0.00195919108233907 0.999995797379159
1461243315.00248 -0.121818953608337 -0.195664565833456 6.60968477211197 0.00340870198077107 -0.00104420311890548 -0.00229735674796021 0.999991006230869
1461243315.0623 -0.123947413594951 -0.198475554466614 6.69368614983805 0.00245680254311493 0.000241375227531153 -0.00252411640194599 0.999993767328404
1461243315.12232 -0.125841161804415 -0.201607088501721 6.78233159313095 0.003204417817639 0.0013830251629575 -0.00153707162977752 0.999992728152887
1461243315.18238 -0.127758571703413 -0.204547691779802 6.86795791422757 0.00265808300711555 0.00210933400097768 -0.00178006168266066 0.999992658315653
1461243315.24267 -0.129322464446989 -0.20769345362522 6.95545760248255 0.00377531503544113 0.00278924164849886 -0.00136605922048819 0.999988050433412
1461243315.30272 -0.130524080382369 -0.210940217213004 7.04211816563411 0.00342794066538132 0.00340230468657235 -0.00258765056537297 0.999984988692413
1461243315.36387 -0.131870041203383 -0.214087604296712 7.12868862704559 0.00339822400404606 0.00407318494537038 -0.000808894265868327 0.999985603360411
1461243315.42249 -0.133005103918137 -0.217247189794513 7.21627457171012 0.00372671877098498 0.00425674917096631 -0.000894457685045768 0.999983595665022
1461243315.4625 -0.133801200321934 -0.219251061853907 7.27590969320597 0.00284985683695338 0.00377063946046017 -0.00101478596899961 0.999988315333487
1461243315.52242 -0.135204350190387 -0.22206480830549 7.36275432695626 0.00292538002011581 0.00403639916185324 -0.000125216416803903 0.999987566899906
1461243315.58266 -0.137235212852173 -0.225059763623624 7.45279470307193 0.0031380973774466 0.00390788690512175 -0.00106203986143524 0.999986876331944
1461243315.64256 -0.13810081868034 -0.227889011617015 7.53925015530114 0.00219334555433603 0.00332142950207084 0.000363489332801412 0.999992012576524
1461243315.68265 -0.13935876760489 -0.229923772755283 7.59865052669904 0.00291262859069741 0.00343557673670103 0.000818813730039305 0.999989521420727
1461243315.72268 -0.140681733329447 -0.23223141326353 7.65708723373651 0.00395179114686545 0.00310522354395795 1.74024691486036e-05 0.999987370235559
1461243315.78273 -0.14314716721352 -0.23491545530271 7.74643803375552 0.00183879344117784 0.0018400684315777 0.000150376984977502 0.999996605181043
1461243315.82235 -0.144055719123913 -0.236634368011219 7.80472468102513 0.00126726921791094 0.00208215053999119 0.0018644438379611 0.99999529125243
1461243315.88228 -0.146002192536191 -0.240202023159176 7.89768293218806 0.00336479746917058 0.00138447868086506 -0.000206341502705437 0.99999335936793
1461243315.94271 -0.147304607212199 -0.24323833575032 7.9835682208593 0.00271843932392358 0.00185038461848684 0.00190293103640979 0.999992782482892
1461243316.00252 -0.14932915436362 -0.246002184496948 8.07377368384203 0.00151909675814023 0.00208624894590892 0.00105250969165448 0.99999611605932
1461243316.06237 -0.150608326299862 -0.249420389840969 8.15745254924535 0.00293333922519948 0.00239681608404154 0.00281837546771005 0.999988853714566
1461243316.12228 -0.152249951896451 -0.252564486032429 8.24209793486057 0.00356755594064177 0.0027063401387009 0.00142684302646078 0.999988956132337
1461243316.16279 -0.153305457850637 -0.254486952934275 8.30081083318554 0.00267122386273094 0.00276878364384385 0.00189351430854994 0.999990806459626
1461243316.20279 -0.154443763644887 -0.256629075991236 8.35800051352062 0.00254737647961051 0.00323544582225051 0.00290025677139246 0.999987315556584
1461243316.24253 -0.155542405102481 -0.258434165218968 8.41254811310099 0.00249916905658172 0.00362907214962887 0.00300401094023019 0.999985779852709
1461243316.30224 -0.157145230299492 -0.261297020444013 8.49716183012261 0.00179827197191341 0.00410897995199207 0.00358258380704868 0.999983523661732
1461243316.36413 -0.158860203907552 -0.264285739884587 8.58152351657695 0.00281173440545356 0.00401647432199475 0.00333157419252624 0.999982431194195
1461243316.40264 -0.159372936508328 -0.266092034667072 8.63728080656605 0.00240221355376305 0.0041195413610932 0.00398995880234317 0.999980669302048
1461243316.4426 -0.160449965324516 -0.267840447557425 8.69434701924622 0.00134757555843235 0.00422681193027829 0.00333770554088701 0.999984588792619
1461243316.4824 -0.161318856448911 -0.269893329125228 8.74820344397808 0.00228758944030811 0.00403150926574466 0.00342670941404826 0.999983385627074
1461243316.54239 -0.162415400475973 -0.272941182724938 8.83239711861201 0.00281800664258379 0.00422004182695488 0.0033294819744733 0.999981582148053
1461243316.60252 -0.16380644708984 -0.275371225206701 8.91485897687663 0.000913305793286869 0.0039280847599858 0.00308638052714697 0.999987105055804
1461243316.66244 -0.165074964986075 -0.278538626845133 8.99958916530958 0.00208832706083206 0.00406148457195565 0.00426464744724876 0.999980477817097
1461243316.74306 -0.167016943979866 -0.282283707769638 9.10925082672467 0.00238049083896062 0.00332824395123013 0.00226087574289376 0.999989072188513
1461243316.82315 -0.169143090394519 -0.286223123666364 9.21668456105952 0.00318765033823691 0.00333089203693677 0.00213259484450125 0.999987097958163
1461243316.88302 -0.171001387057467 -0.288902407237149 9.29587924838545 0.00340622204090019 0.00299496864626512 0.00137482688568501 0.999988768769555
1461243316.94257 -0.172269521280166 -0.291821499221058 9.38043209215775 0.00218274532010302 0.00283003630330645 0.0027430667594351 0.99998985099957
1461243317.00272 -0.174017402031124 -0.2946575653105 9.46079015865976 0.00348073319619451 0.00343525851683688 0.00123933385981771 0.999987273692482
1461243317.04232 -0.174862160920429 -0.29649947612273 9.51678286521744 0.00274670224784378 0.00417486491916015 0.000801922937093789 0.999987191442606
1461243317.08229 -0.175695493644103 -0.298363731347958 9.57242073775275 0.00218788384918731 0.00450957143606483 0.00233328504565034 0.999984716238514
1461243317.1422 -0.176794977555416 -0.301347053299113 9.6551545897416 0.003012814199328 0.00472916146011132 0.00262899592369033 0.99998082299758
1461243317.18279 -0.177603519461402 -0.303057556423136 9.71201134508329 0.00255975749779828 0.00450737999047947 0.00197168275624048 0.999984621698895
1461243317.24241 -0.17883346220915 -0.305788331513837 9.79526284061521 0.00209892708557544 0.00443320147392627 0.00208874388393435 0.999985789088409
1461243317.30259 -0.180261499779272 -0.308432850375405 9.87770669542747 0.00179368721869984 0.00436249752642688 0.00258550268409745 0.999985533134037
1461243317.36221 -0.181723182465101 -0.311388102365713 9.95963169665588 0.00224104705298354 0.00413656101046481 0.00135944579785686 0.999988009167228
1461243317.40241 -0.182786452489778 -0.313144981058456 10.0149824948276 0.00235100966452455 0.00381318517096914 0.00207445686259754 0.999987814426323
1461243317.44221 -0.183728229724734 -0.314776034968613 10.0718981031002 0.00114313192137581 0.00409022341826071 0.00194266507649749 0.999989094627636
1461243317.50226 -0.185076635730616 -0.317640729735454 10.1521032102293 0.00239206328246242 0.00375788908638338 0.00245044885999649 0.999987075718107
1461243317.56232 -0.186603896445895 -0.321153344778432 10.238233612623 0.00391483179755833 0.00343877451459175 0.00247995039263672 0.999983349245319
1461243317.62224 -0.187990668120275 -0.323634217175817 10.31921556117 0.00192619151345386 0.00375134156613332 0.000821962568120787 0.999990770757533
1461243317.68295 -0.190341131978627 -0.326660200405254 10.4024240443751 0.00282388335200374 0.00321187676732499 -0.00260235662980038 0.99998746855669
1461243317.72215 -0.191358958046903 -0.328304690109068 10.4568554939672 0.00286105013985874 0.00250604650622297 -0.00335687622878154 0.999987132669711
1461243317.76221 -0.192734818311573 -0.330183138376791 10.5120739723234 0.00330099901145791 0.00259338334356056 -0.00617366720343289 0.999972131412482
1461243317.80224 -0.194102262490132 -0.332221273899112 10.5679930775082 0.00422092017184147 0.00241267117680124 -0.0049259262754415 0.999976048763681
1461243317.84266 -0.195369051947694 -0.333857725093 10.6240561599686 0.00330842460999289 0.00204401294511489 -0.00329869299520501 0.999986997396568
1461243317.88221 -0.196953695486283 -0.335131437983463 10.6805664900059 0.00174477214327511 0.00222296595124803 -0.00426505008253315 0.999986911684519
1461243317.92256 -0.198728892742098 -0.337001155693632 10.7372576410941 0.0022580523719006 0.00129784838770511 -0.0062292516466517 0.99997720634671
1461243317.96258 -0.200284650228573 -0.339078206515546 10.7931002085969 0.00362268097025104 0.00103099375875067 -0.00648112247654873 0.999971903748251
1461243318.00264 -0.201877956379475 -0.341437433372485 10.8487437137707 0.00344309865322795 0.000934034368620176 -0.00834537686664638 0.999958812820016
1461243318.0423 -0.203745675432683 -0.343519099099089 10.9035400269861 0.0039692739260613 0.000324759956362332 -0.00882535483470438 0.999953125155131
1461243318.08234 -0.205403314545792 -0.345921369695749 10.961033935553 0.00508277510915337 0.000527773782675118 -0.0119934087757015 0.999915018888087
1461243318.1022 -0.206195683362354 -0.347241852169013 10.9882297036546 0.00615907470161662 0.000360590957233448 -0.0126197083798942 0.999901334499254
1461243318.16231 -0.208482411063018 -0.35040779320205 11.0705790395815 0.00652589892146057 0.000155027883990806 -0.00908874789661839 0.999937389675621
1461243318.22216 -0.211055448080049 -0.35261281884103 11.1521896164003 0.00151708572415121 0.00066019494471783 -0.00838144552436556 0.999963506316337
1461243318.28221 -0.212137840363047 -0.357789810669801 11.2352836029938 0.00884225985544608 -5.77321670961903e-05 -0.00400132484488772 0.99995289914432
1461243318.36231 -0.215742652946634 -0.362342563893066 11.3463073525589 0.00716675411950469 -0.000882213264371161 -0.00719510466030339 0.999948043552301
1461243318.42245 -0.217996041252195 -0.365839563178316 11.4279396313809 0.00777686099287591 -0.000713519098330804 -0.00681850784799008 0.999946258193069
1461243318.48263 -0.219626030536663 -0.369154461612904 11.5079733649142 0.00586648745572026 0.000612250283685256 -0.00654781418762641 0.999961167047944
1461243318.56267 -0.221314520234766 -0.374699910348708 11.6143115973201 0.00872283307850855 0.00169415371280437 -0.00472360287713902 0.999949363519044
1461243318.64293 -0.223181128376531 -0.379058583024866 11.7209687149304 0.00691069802380152 0.00291617692754667 -0.00291853853869065 0.999967609624307
1461243318.70284 -0.224280059972957 -0.38270490401555 11.7973251478804 0.00781081835492978 0.00305494955687541 -0.0018976888085779 0.999963027905041
1461243318.74369 -0.225097854748823 -0.385070854121619 11.8495183020671 0.00778409354260036 0.00316275305672126 -0.00121994431811647 0.999963957658816
1461243318.8044 -0.226198217639791 -0.387505788458335 11.9012035154329 0.00788511233538551 0.0029881646507955 -0.00117066038645846 0.999963762058275
1461243318.83847 -0.227483968603255 -0.389782002058749 11.9516929630886 0.00822978790447177 0.00288599897942314 -0.00237978997120006 0.999959138265475
1461243318.86344 -0.228878159626706 -0.392040991007006 12.0004743472128 0.00854944715603078 0.00272559903172748 -0.00317128603660995 0.999954709478444
1461243318.92261 -0.230863922631792 -0.395464070633571 12.0784060059735 0.00822457195669722 0.0024763217607962 -0.00484430397685869 0.99995137730074
1461243318.98238 -0.2317694787508 -0.39875879157363 12.1523652427522 0.00771518335886192 0.00241411960539872 -0.00579120470411519 0.999950553737706
1461243319.06212 -0.23392626598713 -0.403240135591588 12.2530486084137 0.00726618966518585 0.00335288770157314 -0.0055498726625671 0.999952578648228
1461243319.12216 -0.234236465429531 -0.406258752752379 12.3261471657998 0.0062356457101124 0.00516424707638513 -0.00152932534373614 0.999966053643175
1461243319.20264 -0.235730353071071 -0.411105246670466 12.4237749406196 0.00884799572844648 0.00613343675054267 -0.00634168450905979 0.999921935434364
1461243319.28217 -0.236546363216662 -0.41555043097024 12.5212538176122 0.00795162099397696 0.00816232291950241 -0.00618068769389179 0.999915970123368
1461243319.34266 -0.236929421355668 -0.418823621702416 12.5932684352051 0.00779182070894332 0.00836310534699126 -0.00495079906118044 0.999922414784093
1461243319.42209 -0.237718093911302 -0.42304245785637 12.6892873226151 0.00792647356769421 0.00827162604511524 -0.00276481064806598 0.999930551109141
1461243319.48228 -0.238366352700751 -0.426400974540596 12.7569314224941 0.00846634657640056 0.00801282990540063 -0.00409073176733914 0.999923687811306
1461243319.5621 -0.239756947851766 -0.430334337273107 12.8516104116179 0.00743734186643545 0.0064042813515325 -0.000599062012681825 0.999951654956897
1461243319.62482 -0.241467319307587 -0.433664317374844 12.9229216378572 0.0081831709677922 0.00511239775670284 -0.00362210691844161 0.999946888311355
1461243319.70207 -0.243344047564222 -0.438102452197064 13.0164749507629 0.00909159067776786 0.00373728910821336 -0.00159146160818864 0.999950420220432
1461243319.76266 -0.245367930698142 -0.440729255479666 13.0899565775225 0.00626080301335404 0.00306027652056121 -0.00253484583759556 0.999972505426937
1461243319.84204 -0.248786238250185 -0.446199200477044 13.1896239804895 0.0110841524184974 0.00107232406883574 -0.00139941530016081 0.999937014677961
1461243319.90209 -0.250637024938345 -0.449271528220329 13.2635369711845 0.00917623285768673 -4.5946459911309e-05 -0.00119372793698916 0.99995718390993
1461243319.96208 -0.25199349368832 -0.451444772097131 13.3418668021262 0.00401090232094996 -0.000174705751273733 -0.000837524329288573 0.999991590311374
1461243320.02372 -0.253756444387707 -0.455514384085218 13.4160553656302 0.00924915652038743 0.000167003955210658 -0.00197859966939257 0.99995525417725
1461243320.08303 -0.255634911858337 -0.458860521249279 13.4901561414563 0.00935128518427388 0.00125485283012677 -0.00565629439493117 0.999939490741062
1461243320.12221 -0.256993017786915 -0.461442469926187 13.5427608091639 0.00972313513763934 0.00230320605770801 -0.00865730546273912 0.999912599654128
1461243320.16261 -0.257979951022067 -0.463767148021797 13.5940732454087 0.00937100701344226 0.00355401097032735 -0.00731396863267471 0.999923026585755
1461243320.20224 -0.25815052757625 -0.465803876176379 13.6457171630465 0.00741607617972152 0.00553093084748294 -0.00332676446269839 0.999951670460261
1461243320.24206 -0.257876165588924 -0.467336742293356 13.6984757240719 0.00471717500928955 0.0078431250582785 -0.000324243722742868 0.99995806337829
1461243320.2824 -0.257916781061741 -0.469483369688976 13.751013353222 0.00490545852778011 0.00916734715845256 0.00332641679411508 0.999940413811753
1461243320.32253 -0.257204308766212 -0.472238221323935 13.802336136977 0.00750332567249647 0.0104401796140003 0.00472487398683911 0.999906184758995
1461243320.38209 -0.256701916877239 -0.4768625093214 13.8795857626371 0.0114394797698847 0.0137407332469267 0.00106207882884808 0.999839588404556
1461243320.4422 -0.255650412112228 -0.48042881577748 13.9599870945052 0.00972614073936287 0.0168102926242573 -0.00260459549825942 0.999807997732812
1461243320.50207 -0.253234131632429 -0.483843909898229 14.0385374722517 0.0082963146632338 0.022167789244406 -0.00193616569556013 0.999717966001124
1461243320.56201 -0.250281477554893 -0.487089303639588 14.1154147064649 0.00702721877348766 0.0266340129445621 3.39808259883003e-06 0.99962055177914
1461243320.62301 -0.246198613957008 -0.491302308536299 14.1937826560115 0.00907498003303875 0.0299595906813818 -0.00137812180910778 0.9995089636636
1461243320.66205 -0.243549912003528 -0.494061333852 14.2476772468694 0.00994787076093714 0.0323256030587239 -0.00187413385237883 0.999426126773018
1461243320.72408 -0.239511026274181 -0.497150398741391 14.3226896866926 0.00723991634976699 0.0361964281479851 -0.00345118893743345 0.999312509426103
1461243320.86229 -0.227335037484477 -0.505021812809815 14.5063971368994 0.00711578420795419 0.0425553123994082 0.00196470829117983 0.999066840067783
1461243320.90256 -0.223987104348525 -0.507128399738701 14.556431714599 0.00734420976338992 0.0432986814879176 0.00200553755391612 0.999033164906691
1461243320.94377 -0.220758782245163 -0.509214938371992 14.6052992125759 0.00652295572275439 0.0441988227566422 0.00295728196798791 0.998997081877083
1461243320.98228 -0.217583074142613 -0.511314014375746 14.65468004391 0.0069044133224836 0.0439216911467971 0.00231369046213628 0.999008438883238
1461243321.04266 -0.212831621944643 -0.51427663191885 14.7306336462046 0.00583255418726562 0.0434011551070542 0.00368418096798132 0.999033907261221
1461243321.08394 -0.210038696002742 -0.516407857764135 14.7794563086139 0.00603263222380988 0.0421054893074978 0.00487035107394662 0.99908308703483
1461243321.12592 -0.207469282516506 -0.518835217573703 14.8330826462543 0.00683776806102871 0.0397165832038633 0.00493973924582636 0.999175378461028
1461243321.24255 -0.20325145773074 -0.524701164910746 14.9790207150603 0.00516844888707252 0.0303171433451525 0.00660127170151614 0.999505168154429
1461243321.3025 -0.202745787877288 -0.52784029673073 15.049448383969 0.00642105147987462 0.025237374258415 0.00641654681767336 0.999640271780489
1461243321.3421 -0.202548413174616 -0.529870017401548 15.095581580269 0.00665287422226339 0.0227843501794055 0.006370476119194 0.999697969231457
1461243321.3819 -0.202677372453906 -0.532034113084908 15.1439629667327 0.00654347941281139 0.0202374679599416 0.00582572769440513 0.999756814762758
1461243321.50201 -0.202391263286132 -0.538348636675891 15.2852451275217 0.00629079968088101 0.0151942722653826 0.0085707025147963 0.999828036708365
1461243321.54196 -0.202174288315039 -0.540278712672982 15.330589826146 0.00632797479516791 0.0147761637891901 0.00959778718618666 0.999824736741293
1461243321.58227 -0.202072210789284 -0.542248303959447 15.3749399657035 0.00603768707495736 0.0143930898906194 0.00723687141952902 0.999851995542462
1461243321.62382 -0.202310254828256 -0.544501288933422 15.4218231840241 0.0064693134858828 0.0126605556522691 0.00655115073769698 0.999877462861129
1461243321.66216 -0.202399970228991 -0.54666081096018 15.4650484723831 0.00728441663517469 0.0120419909302547 0.00615793999420475 0.999881996789496
1461243321.70203 -0.202563533079508 -0.548516242031407 15.5077101832956 0.00679033337754029 0.0116333775314651 0.00522768448545386 0.999895608158548
1461243321.74204 -0.202717878698217 -0.550388382507789 15.5489380117572 0.00689384876947444 0.0106959203634092 0.00518308357453456 0.999905599434958
1461243321.78243 -0.20302651070964 -0.552181827602819 15.5883141953882 0.00587219288039415 0.0106016297414987 0.00321707874950727 0.999921383510683
1461243321.88217 -0.203280275653104 -0.556579177754529 15.6815647553893 0.00546581794836191 0.0105802792345239 0.00358494706543811 0.99992266234945
