1461243310.06273 3.70993474778831e-06 1.4224715666706e-05 -5.39207561424065e-05 2.26073747187902e-06 7.45778084302479e-06 -1.05137325876159e-05 0.999999999914366
1461243310.20433 -0.00787857206461846 -0.00364329059531923 0.155507352793194 -0.000846232350882703 -0.00114371478617467 0.000967653573096912 0.999998519725834
1461243310.26451 -0.0110253364082268 -0.00561339567170796 0.216738153694087 0.000240902642260651 -0.00267397238584741 0.000249525118763393 0.999996364780798
1461243310.30263 -0.0142351981151858 -0.00682543496719157 0.265320623452297 0.00107205110174094 -0.00322098546077371 0.00163648323076635 0.999992898915653
1461243310.36285 -0.0178826300956466 -0.0082216552697387 0.327378480031833 0.000548476443982806 -0.00344567287273725 -0.000744672739332384 0.999993635967028
1461243310.42269 -0.0215096721792687 -0.0102459043303736 0.399545841092575 0.000341180923848889 -0.00306940093366095 0.00176314417828477 0.999993676828055
1461243310.48265 -0.0248685804981585 -0.0112759252473717 0.475211960695062 -0.000592822083269604 -0.00207654127117989 0.00205949550642077 0.999995547498381
1461243310.56275 -0.0289643194203401 -0.0138960751778003 0.573171508177227 -0.00026731163619802 -0.00068001086625216 0.0011207429268398 0.999999105032101
1461243310.6226 -0.0323020857635084 -0.0156999699643288 0.638836062287295 -2.3255498620371e-05 0.000116529180783078 -0.0020134459937407 0.999997965955612
1461243310.68266 -0.0355398757736869 -0.0175574464305531 0.716831378989831 0.000759661820873117 0.0015502768414876 -0.00214359216076663 0.999996212276967
1461243310.74275 -0.0385595459420704 -0.0197534557843184 0.796577950054336 1.38553806089181e-05 0.00275069037380725 -0.00302641813488899 0.999991637116916
1461243310.80263 -0.0414883160027933 -0.0218673735712052 0.874696742508691 0.000461916543538698 0.00439193889114117 -0.00139740687524085 0.999989272322413
1461243310.86264 -0.044026372673929 -0.0237906824751465 0.954671994537341 -0.000560908632092989 0.00491277284294244 -0.000671392561613887 0.999987549560758
1461243310.92446 -0.0467350556634643 -0.0250728222037687 1.02378632686299 -0.00144310885683838 0.00754170074589338 -0.000479787233938481 0.999970404557503
1461243310.98256 -0.0482947195640306 -0.0269080584552339 1.10345902549677 -0.00191340966692873 0.00694711764423249 0.00223050721701828 0.999971550224024
1461243311.04263 -0.0511408485103963 -0.0289653592938626 1.18318034943956 -0.00133351512333218 0.00677967733094402 0.000142329957069502 0.999976118442279
1461243311.10263 -0.0528649449832055 -0.0309912861878859 1.25366099332791 -0.000477653253988044 0.00700064984086271 -0.000560740397809943 0.999975223852762
1461243311.18254 -0.0571483189144865 -0.0344902804658077 1.35536098641517 0.00250073676090598 0.00688492146588196 0.000401466317674367 0.999973091136385
1461243311.26249 -0.060792663746973 -0.036858538084449 1.46045284327092 -0.000536952093217514 0.00621238455187407 0.00174654824901968 0.999979033545126
1461243311.32284 -0.0635742879502086 -0.0389037170138923 1.54260219318806 -0.000557466373368354 0.00579197394264655 0.00187641981481896 0.999981310484235
1461243311.38297 -0.0665108380902358 -0.0411484962504772 1.6249161782795 -0.000558632333247891 0.0059106571836546 0.000821469075077371 0.999982038463758
1461243311.44291 -0.0697034482287152 -0.042863154819758 1.70624668052311 -0.00127767833166923 0.00558998183982676 -0.000679554123213119 0.999983328784688
1461243311.50287 -0.0723472125934645 -0.0445330732557995 1.78954199589863 -0.00191508962503058 0.00643257971773897 -0.000611282554995789 0.9999772900839
1461243311.56281 -0.0749749740812059 -0.0465898081526231 1.86019820954334 -0.000987991852662224 0.00641081087218705 -0.00149275582365471 0.999977848282706
1461243311.62263 -0.0780465773082838 -0.048587297695716 1.94222662149677 -0.00126532957085661 0.00626230032781899 -0.000922320696156096 0.999979165713074
1461243311.6825 -0.080657083539018 -0.0508561851686873 2.02470182789729 -0.000854544487235382 0.00607384386624871 -0.000104653302487162 0.999981183434016
1461243311.74253 -0.0835975503409198 -0.0530681697926368 2.10704813432597 -0.000241631967671211 0.00577760918466227 -0.00148841723350036 0.999982172571212
1461243311.82322 -0.0871177730043681 -0.0566253990113131 2.21279570521184 0.00199436909945742 0.0069894862851864 -0.00168458819715641 0.999972165480605
1461243311.90306 -0.0903144945993689 -0.0588327223407231 2.30260450057074 -0.000416401290907724 0.00734211924856268 -0.000416133187297469 0.9999728729961
1461243311.98265 -0.0932501467077869 -0.0603888590165574 2.42158724829033 -0.00368575861762529 0.00698828591449046 -0.00214138989731643 0.999966496185096
1461243312.06317 -0.0972594731878258 -0.0636681674364232 2.51121691356077 -9.74063130479993e-05 0.00760775919692193 -0.00236744840912408 0.999968253346096
1461243312.12443 -0.0981387395179498 -0.0660864554452679 2.59046877872547 -0.000289814463895546 0.00738806757100874 -0.00235422801654624 0.999969894584626
1461243312.20317 -0.102121347358949 -0.068875801332305 2.69024709675736 1.67352278630968e-05 0.0078486583942668 -0.00131313465689031 0.999968336478068
1461243312.30311 -0.105813875296987 -0.0724479753506207 2.81482145669543 -0.00019621304484723 0.00749833996189631 0.000125482753696169 0.999971859930236
1461243312.40259 -0.110176244263793 -0.0753053983107452 2.94846284796496 -0.00159251595716762 0.00671598595578997 0.00107713606494891 0.999975599304036
1461243312.50291 -0.114481641582783 -0.0787676339334356 3.07040633772318 -0.000262707346232687 0.00588756107789658 0.00195415288001601 0.999980724262186
1461243312.5826 -0.117848279756013 -0.0809109928330254 3.16059909980141 -0.0015509412135993 0.00525971321612977 0.0021061966512381 0.999982746818115
1461243312.66249 -0.12206339685278 -0.0835162414689697 3.26098996456621 -0.000449666961996397 0.00466335773506832 0.00187668717872387 0.999987264388648
1461243312.74255 -0.126044009541697 -0.0861282586748164 3.36387444379086 -0.00041450096620554 0.00398300824582091 -0.000163460051580436 0.999991968525285
1461243312.82251 -0.130665318677115 -0.0886604444567283 3.47016089391747 -0.0011098667806 0.00540023294212521 -0.00253738922021103 0.999981583498339
1461243312.90282 -0.134587329510923 -0.091501550814935 3.57420075057902 0.000121404914292896 0.00567282023471146 -0.0014704988704988 0.99998282085469
1461243312.98282 -0.137991125111076 -0.0933208069765046 3.68380817329617 -0.00289335726383793 0.00660182039867868 0.000529384707745998 0.999973881760418
1461243313.06245 -0.141035331855472 -0.0963675587523027 3.79193985887362 -0.000878441901991341 0.00681418793147091 -2.61934102403678e-05 0.999976396969731
1461243313.12262 -0.142285113837559 -0.0983828232493075 3.87436192989306 7.21885023033555e-05 0.00643019214707301 0.00100903072918923 0.999978814412965
1461243313.20282 -0.148580053569538 -0.100529435522495 3.97939594451102 -0.00296893620076295 0.00639982077669263 0.00107702943634812 0.999974533535457
1461243313.28247 -0.151259134647252 -0.101929402703072 4.09023081334596 -0.00499764277865356 0.00431597072421846 -0.00249912475391777 0.999975074858783
1461243313.36253 -0.157331589222304 -0.106346351025849 4.19170812300032 0.00176964902241243 0.0048738356210113 0.00228382575864272 0.999983948975473
1461243313.4429 -0.160618509663148 -0.106733486377297 4.30249162694081 -0.00802205686465781 0.0029267603738032 0.00779207541607875 0.999933179886579
1461243313.52283 -0.164133247845653 -0.110898190811328 4.40671568775294 0.00157174244704157 0.00220498331105972 0.00799183943086196 0.99996439845466
1461243313.58244 -0.169324479127888 -0.112700003603221 4.4862516465352 -0.000261450639729009 0.000387903275421951 0.00464715578920784 0.999989092499355
1461243313.66242 -0.173874669518548 -0.120548823065135 4.59049372446323 0.013804961710506 0.00107683748492614 -0.00455805203528511 0.999893738161634
1461243313.7225 -0.179195366953642 -0.12221427699454 4.6535442747558 0.00856889197931523 0.00185675079766347 -0.00714716100988945 0.999936020281408
1461243313.78256 -0.179982407528267 -0.123225561550084 4.74584751984994 0.0022180211549266 0.00133803631977453 -0.0111785761413601 0.999934162570924
1461243313.84245 -0.185872722934011 -0.126724104418903 4.81691644179873 0.00445319069621663 0.0027525962916534 -0.01248083540281 0.999908406332263
1461243313.90241 -0.187780639050631 -0.127506587319581 4.8879256295774 -0.000961829483452454 0.00296651098293872 -0.0110730150009662 0.999933829328432
1461243313.94249 -0.1905275012309 -0.127654885427007 4.9442235237629 -0.00457479672441311 0.00321090256532977 -0.0176698151563268 0.999828254737776
1461243314.00239 -0.191873434083498 -0.129297048637447 5.01475517514663 -0.00282618062215702 0.00293706624474051 -0.0112818998894657 0.99992804995152
1461243314.06276 -0.19441235438392 -0.131093523599696 5.09414766024994 -0.00357811406351495 0.00253607205136656 -0.00915272786326472 0.999948495179107
1461243314.14243 -0.199911122914067 -0.134300820147503 5.19526197496519 0.000930948797608669 0.00269329907369281 -0.000322327174108259 0.999995887781359
1461243314.20243 -0.204428127686155 -0.134226242639969 5.27709561294811 -0.00411961571664491 0.00162542259089053 0.0031043401551863 0.999985374813027
1461243314.28252 -0.207502595667973 -0.140149857334159 5.36731693570047 0.00726580771715475 5.78052968143766e-05 0.00335954638826206 0.999967958559088
1461243314.38249 -0.214631750499969 -0.1440536428346 5.49301932015441 0.0029191563058192 -0.00112177068909964 -0.0011336570278836 0.999994467474059
1461243314.48291 -0.221271139667318 -0.147782871365792 5.62153822524522 0.00122187892164647 -0.00109658600988834 -0.00198436985266853 0.999996683388156
1461243314.58248 -0.228343882009254 -0.153564221532432 5.76763726535186 0.00455107418842316 -0.00207173994170368 -8.13186056088161e-05 0.99998749442412
1461243314.68229 -0.235798461686006 -0.158225772141647 5.89985877932162 0.00581064737546584 -0.00277022032187355 -0.00173977838974844 0.999977767466658
1461243314.76276 -0.241207074366702 -0.159758332211345 5.99884599557103 6.21748646643528e-05 -0.00291833513208667 -0.00194793166500274 0.999993842489328
1461243314.82314 -0.244933632095461 -0.162796179524893 6.08753179095168 0.00397930543135821 -0.00249168777430604 -0.00380100640744503 0.999981754318853
1461243314.9029 -0.250884791070828 -0.16728196855187 6.19969878087896 0.00157189149967215 -0.00179149643894122 -0.00219803129165169 0.99999474416422
1461243314.98228 -0.255955445108005 -0.170784632022528 6.31466748306244 0.0034489211197252 -0.00159604436294674 -0.00383355335784675 0.999985430620944
1461243315.0427 -0.260380736433969 -0.173379994399628 6.39794640141004 0.00227843528430738 0.000380816519445345 -0.00505574300602249 0.999984551467717
1461243315.12232 -0.264709117874909 -0.17708341058131 6.5148299106597 0.00319026203664143 0.00147402007292297 -0.00338575071993431 0.999988093021624
1461243315.2026 -0.269033092375811 -0.180116685915956 6.61695775300325 0.00313549377262105 0.00232251241610288 -0.00403861516494734 0.999984231976899
1461243315.26239 -0.272564268107512 -0.183403321872431 6.70776173653578 0.00409686753770374 0.00320032632044378 -0.00413388521705407 0.99997794204714
1461243315.3224 -0.276315672007375 -0.186225042095368 6.79931140788046 0.00331396138853808 0.0035307265756887 -0.00442098366109769 0.999978503035556
1461243315.38255 -0.279560554331653 -0.189502722345275 6.8907292705327 0.00379887439147396 0.00418246329052889 -0.00266609732486236 0.999980483549172
1461243315.44252 -0.283059173199499 -0.191847096185744 6.96878254537709 0.00303698200325916 0.00394627022162383 -0.00366428135441245 0.999980888184272
1461243315.48234 -0.28552178458583 -0.193966037340268 7.0368703798112 0.00256883612862179 0.0042294536612761 -0.00200218365742005 0.999985751930133
1461243315.54278 -0.289011534897664 -0.196870768411554 7.12698612326257 0.00318968856771866 0.00405580388944754 -0.00291370202515447 0.999982443186959
1461243315.6023 -0.29266439810671 -0.199343207251806 7.20664981542745 0.00285331879002475 0.00430736990735273 -0.0033221711607889 0.999981133979608
1461243315.66244 -0.295789379369675 -0.202547697693299 7.30202846724069 0.00244934667225027 0.00402457515539255 -0.00190596243775258 0.999987085318047
1461243315.72268 -0.299412738858303 -0.205518605047142 7.3810682341569 0.00386899894918063 0.00305504561684505 -0.00260291713693537 0.999984461062165
1461243315.78273 -0.303693090548183 -0.208089631511564 7.48092539838715 0.00120019188058577 0.00200662642427742 -0.00181207294030214 0.999995624681179
1461243315.84254 -0.307558857812 -0.211003554203154 7.57224244081599 0.00215640544349189 0.0023706293954163 -0.00331044578568558 0.999989385433932
1461243315.90282 -0.31124773319227 -0.214007565631754 7.65340667295505 0.00422384085083285 0.00121274289738729 -0.000735415232848791 0.999990073744518
1461243315.96258 -0.315352067107722 -0.216310196077824 7.74622245763399 0.00120554637076585 0.0024244999555619 -0.000848743491342817 0.999995974038095
1461243316.02265 -0.318794747372897 -0.219204162982702 7.84127260103885 0.00231568038309643 0.00169096024262536 -0.000564108393693892 0.999995730020654
1461243316.08275 -0.321956066748119 -0.222404113011824 7.92203119692515 0.00309309682476604 0.00306178519787475 -0.000553958675332687 0.999990375630296
1461243316.12228 -0.32451928220239 -0.224752958193676 7.98852297817004 0.00241974837073892 0.00286960901145426 -9.88279857120589e-05 0.999992950172636
1461243316.18247 -0.328125214737203 -0.227213508776863 8.0798541223281 0.00224155028321251 0.00358726700378836 -5.19837556962182e-05 0.999991052092698
1461243316.24253 -0.330865011588062 -0.229764361273992 8.15761340941574 0.0020207755627707 0.00413068563133813 0.00054567451301602 0.999989278013352
1461243316.28285 -0.333157490594679 -0.231993517422898 8.22129152920395 0.00139856092483747 0.0036746218471479 0.00224774681725997 0.999989744355344
1461243316.34391 -0.33706989442249 -0.234911764737078 8.3080966021921 0.00282935387182234 0.00428251495264375 0.00100896745411579 0.999986318309918
1461243316.40264 -0.340018064076658 -0.23686554147856 8.3843511740021 0.00203170152191973 0.00466818680574995 0.000665570909230743 0.999986818531243
1461243316.4426 -0.342078488350078 -0.238720938786302 8.44827850881664 0.00103921160088704 0.00470179971477543 -0.000492166988608134 0.999988285376557
1461243316.50295 -0.34529727339102 -0.242079457012409 8.53977908140868 0.00302174265597103 0.00415122892455141 0.00109404402011698 0.99998621962376
1461243316.5826 -0.350029389335184 -0.244908482350186 8.64955648378877 0.00050855024923219 0.00422459347865079 2.30349503648348e-05 0.999990946787007
1461243316.66244 -0.354209779087257 -0.248640726035909 8.76288760772206 0.00203749846365381 0.00427906029277464 0.00108711576821219 0.999988178141286
1461243316.74306 -0.358617677880387 -0.252050848010538 8.87479325922601 0.00206609735054845 0.0034090385251106 -0.000363923717361535 0.999991988596709
1461243316.80294 -0.36136161400921 -0.254067033408723 8.94750090299151 0.00269870281748969 0.00372869285364365 -0.00113595428430304 0.999988761667135
1461243316.88302 -0.366654485328157 -0.257653858654332 9.05940906667008 0.00305440866972556 0.0034400145079352 -0.00161482448204132 0.999988114544246
1461243316.94257 -0.369943603004374 -0.26037115743606 9.14761802484494 0.00206439167500362 0.00333711409096872 -0.000941733805979262 0.999991857513847
1461243317.00272 -0.373313631495902 -0.263374418934758 9.2355533490029 0.00343672517504736 0.00389059375960368 -0.00226512041365137 0.999983960586259
1461243317.06229 -0.376167480884104 -0.265659991133049 9.32393242650943 0.00190168523000262 0.00430013879882564 -0.00051356684357058 0.999988814261787
1461243317.12244 -0.379285119341843 -0.268368595790069 9.39755912213157 0.00256099767587342 0.00518289197331269 0.000517601506573664 0.999983155363318
1461243317.16262 -0.381681569486901 -0.270084612530179 9.4598837986114 0.00235414710487124 0.00488199663314098 -0.00114526072752671 0.999984656121357
1461243317.22261 -0.384874664739567 -0.272955393639523 9.54560579857249 0.00185143230206001 0.00496695062042943 -0.00181558237006552 0.999984302507106
1461243317.30259 -0.389405872900832 -0.276322988195203 9.66259240554558 0.00133935258478807 0.0047434831939006 -0.000730194611902011 0.999987586081783
1461243317.38265 -0.393586033834004 -0.279204745477951 9.76401420870213 0.00245876793771645 0.00420185806401611 -0.0011454862449984 0.999987493276941
1461243317.46219 -0.398354883849573 -0.282974547967639 9.88991926085252 0.00105029087600486 0.0042905714052189 -0.000329757743854304 0.999990189524839
1461243317.54241 -0.403226146149262 -0.287584694647729 10.0020807143975 0.00388894185297496 0.00442124203391226 -0.00120255754278285 0.999981941139688
1461243317.62224 -0.407445288464731 -0.290683176635576 10.1070903136235 0.00147725622163587 0.00404720651139417 -0.0027548663927001 0.999986924186846
1461243317.70224 -0.41323441367634 -0.293901370269244 10.221467367532 0.00303968888246804 0.00339858545987565 -0.00739705507661345 0.9999622460296
1461243317.78227 -0.418196382067427 -0.298020074526001 10.3391061317483 0.00351547830192535 0.00269582808607373 -0.00888205073314565 0.999950740335749
1461243317.84266 -0.422396156677361 -0.300460711227809 10.4274034839037 0.0029670926324725 0.00281637590037705 -0.00753266017388324 0.999963261034526
1461243317.90286 -0.426526182957447 -0.303140370029942 10.5183526092355 0.00164863348705874 0.00190507344731853 -0.010722421955818 0.999939339345236
1461243317.96258 -0.430077590435401 -0.305656939104961 10.5941525575408 0.00355404536206098 0.00155202034853283 -0.011538335077975 0.999925910664401
1461243318.00264 -0.433106780866498 -0.307680481840029 10.6575885807138 0.00338036123280121 0.000844545536445714 -0.01264811400074 0.999913938853238
1461243318.0423 -0.435759482615534 -0.309567289255832 10.7092206182367 0.00420974736619507 0.00087127976158864 -0.0139426034489566 0.999893555688682
1461243318.08234 -0.438835455680454 -0.312525864912757 10.773475570423 0.00614315965570084 0.000585009945730439 -0.0184141473414459 0.999811401480547
1461243318.12226 -0.441740760135524 -0.314638229007112 10.8275125986358 0.00707074628786798 -5.24532705662321e-06 -0.0158517042498636 0.999849352648585
1461243318.16231 -0.444568734889991 -0.316139797396742 10.8925478725577 0.00592962774489392 0.000703973274500723 -0.0134383412670558 0.999891871614339
1461243318.22216 -0.448980371740863 -0.318537723434603 10.9720347632009 0.00182006139319313 0.000882189986978786 -0.0125507847230737 0.999919190194981
1461243318.26217 -0.451738848896333 -0.322625945518 11.036370149974 0.00915340558751828 0.00020349116828805 -0.0080770003675968 0.999925465133555
1461243318.32364 -0.456271866474381 -0.326278831525531 11.1088891826508 0.0100954558008992 0.000162687130429858 -0.00906427354236108 0.999907942887854
1461243318.36231 -0.458579312580273 -0.328957803241285 11.1750586677524 0.00740073372037377 -0.00100972878140767 -0.0121304961446656 0.999898525177166
1461243318.42245 -0.46216914410081 -0.331864070555287 11.2506154094178 0.00860609457873003 -9.63485748497971e-05 -0.0113773796094471 0.999898235365118
1461243318.48263 -0.46620693352007 -0.33541064998747 11.3387928949684 0.00665045800293474 0.00145670407405745 -0.0117278011668539 0.999908049823274
1461243318.56267 -0.470804260754389 -0.340768386615556 11.4501719870327 0.00944422526207082 0.00251509939361432 -0.00891508017199735 0.999912497286521
1461243318.62407 -0.473773193593127 -0.344258780895393 11.5378105599117 0.00738900447735003 0.0034044641695229 -0.00716857372813469 0.999941210165506
1461243318.70284 -0.478040128646744 -0.34912360398604 11.6467017457816 0.00859237428287953 0.00364029625053462 -0.00626752785837637 0.999936816724905
1461243318.8044 -0.481667964566233 -0.353603058908961 11.7447026206367 0.00875238878301569 0.00302905915969714 -0.00513407673362117 0.999943929301684
1461243318.85205 -0.485563150187083 -0.357368920035385 11.8273233870426 0.0093227268680589 0.00288573047122549 -0.00706646286095115 0.999927409578328
1461243318.90275 -0.490060093271284 -0.361258586758201 11.9118237350487 0.00885735656227818 0.00281873528957995 -0.00907130425114647 0.999915653145444
1461243318.98238 -0.49458601932718 -0.36589123514452 12.0140406562489 0.00784706547992758 0.00312227577241826 -0.00970452390269598 0.999917245162407
1461243319.06212 -0.498988702921048 -0.370292325406351 12.1187193129133 0.00726912684913294 0.00439043173784624 -0.00866459596454604 0.999926401632029
1461243319.14266 -0.500978332577865 -0.375185975804586 12.2282242107547 0.00732459124771462 0.00634883910967787 -0.0096073784641674 0.999906866105069
1461243319.22208 -0.505096263165185 -0.380176760781345 12.3279538825468 0.0107987991449134 0.00760967922798514 -0.00952008094457616 0.999867414599498
1461243319.30233 -0.507962038121879 -0.383924355735859 12.4198056925136 0.00766915158600298 0.00883359972340656 -0.00983000795796681 0.999883254471953
1461243319.40265 -0.5116010127172 -0.390087090286872 12.5575730750347 0.00820835709519153 0.00888021185208586 -0.00661027943976683 0.999905029948839
1461243319.50243 -0.515794725602555 -0.39588610199415 12.6875932535168 0.00875729690754318 0.00721179275879592 -0.00468597524927736 0.999924667878556
1461243319.60218 -0.520648911610481 -0.401139506134361 12.8095688486003 0.00847006597598689 0.00611548083261657 -0.0069538247200228 0.999921248498256
1461243319.70207 -0.526422571053202 -0.406367813968698 12.9367359262489 0.00880717715513558 0.00444437986937101 -0.00568098584182052 0.999935201659587
1461243319.80215 -0.530684653759052 -0.410977325888981 13.06625229031 0.00992488892731772 0.00115849646271229 -0.0057659137784717 0.999933452137704
1461243319.96208 -0.542431378589047 -0.420026114436439 13.2778804046128 0.00394175450408837 6.40600159681795e-05 -0.00321280981322852 0.999987068076807
1461243320.02372 -0.546428646936576 -0.424600325446723 13.3612218129208 0.0108764649364755 0.000698393461790615 -0.00547087527475666 0.999925639375642
1461243320.08303 -0.550155887857388 -0.428500302959444 13.4466951280433 0.00973433798011181 0.00205048114743131 -0.00987603291092695 0.999901746255649
1461243320.14206 -0.553789148209136 -0.431788858196602 13.5201179958922 0.0103310814355345 0.00373199361490875 -0.0114685185408558 0.999873899080533
1461243320.20224 -0.555374921057028 -0.434587280988456 13.6072304085633 0.006697914955207 0.00666469440382747 -0.00529097962086584 0.999941360939934
1461243320.26241 -0.555265752124819 -0.437405267727313 13.6939601822692 0.00450165537881671 0.00845757235287682 0.000314462539634535 0.99995405178541
1461243320.32253 -0.558526929711417 -0.442222901161272 13.7811714611611 0.00863952461880584 0.0125824741332209 0.00162185820283564 0.999882197828833
1461243320.4024 -0.55997451383048 -0.448007149989316 13.8932135406886 0.011740022922017 0.0163111078492865 -0.00688726455640562 0.999774317138348
1461243320.46233 -0.55938021224265 -0.451760204257345 13.9833966319647 0.00865267779933523 0.0208940020652488 -0.00643266985543071 0.9997235580915
1461243320.52208 -0.558031442323952 -0.454837016551584 14.0623347601949 0.00763548141869387 0.0264995785028051 -0.00253277633406226 0.999616454849919
1461243320.5821 -0.555648956895791 -0.458209460657169 14.1476408871685 0.00714555435718349 0.0297728124662594 -0.00414220371166817 0.999522567448674
1461243320.62301 -0.554064144896908 -0.461755787218111 14.2110583574685 0.0100481057184291 0.0317197875884665 -0.00429606972937777 0.99943705876443
1461243320.68245 -0.551653636260252 -0.464717120446994 14.2860567538117 0.00923279924565816 0.0355206364741451 -0.00604393429917653 0.999308015909383
1461243320.74253 -0.54791340161804 -0.468020500615519 14.3749613501861 0.00687974036885843 0.0392383755799402 -0.00443327191224105 0.999196359658329
1461243320.80206 -0.543592361001529 -0.471349410724031 14.4624654044521 0.00637663637660484 0.0427370943338274 -0.0031736025009639 0.999060962866425
1461243320.86229 -0.539362370188268 -0.475291950508977 14.5483193916643 0.00745628377127436 0.043568978569493 -0.00127027672065195 0.999021788719238
1461243320.96394 -0.533753103814013 -0.48033453253486 14.6723670608771 0.00700607431035203 0.0451217435831838 -0.00124144490909619 0.998956156191706
1461243321.00392 -0.531391863854409 -0.482270100766674 14.7317206024367 0.0064984666914082 0.0449477528899769 -0.000645842068124653 0.998967993645855
1461243321.04266 -0.528882348044268 -0.484780923864531 14.7924546947714 0.00635307233413154 0.0434592949065149 0.00223439571350486 0.999032499788641
1461243321.08394 -0.527564308976929 -0.486829408843156 14.8399332050806 0.00616597628812766 0.0426712682862909 0.00151181906568334 0.999068995616602
1461243321.10269 -0.526516297472365 -0.488510870294767 14.8769740584789 0.00638895785374338 0.0409207864756045 0.00169290206265087 0.999140532925358
1461243321.20393 -0.525294838694673 -0.493220050825929 15.0055145553158 0.00533455328299043 0.0333474704054115 0.00653285256124828 0.999408230202375
1461243321.24255 -0.525384354190127 -0.494973347178656 15.0525537756694 0.00515168692381135 0.0301862671995657 0.00387209422360939 0.999523514621201
1461243321.28255 -0.526134188323076 -0.49716177260064 15.1089893405267 0.00629398900029249 0.0258624092087791 0.00376384800115135 0.999638612169721
1461243321.3421 -0.527191469617164 -0.499967461127818 15.1780454539434 0.0067464683304255 0.0223577421489549 0.00348090337358631 0.999721211059749
1461243321.3819 -0.528536923344824 -0.502272681621678 15.2348747358348 0.00666723942882855 0.0197115029853252 0.00333922654084669 0.999777902403613
1461243321.44212 -0.530330036810073 -0.505563154290229 15.3128898748796 0.00743864854404706 0.0170268217375624 0.00299044129485003 0.99982288987111
1461243321.52417 -0.532398186379405 -0.509714083917643 15.4119676523148 0.00632543022924478 0.0155452128604708 0.00566934684170834 0.99984308458674
1461243321.58227 -0.533411784088024 -0.512741166634109 15.476746094208 0.00602924341310811 0.0144092176273342 0.0038359741594487 0.999870645620463
1461243321.62382 -0.534980891786066 -0.515089942021891 15.5290983912549 0.00693218227057859 0.0126393316037013 0.0031624970053064 0.999891089448381
1461243321.68207 -0.536619395350248 -0.518436304461503 15.6011126796165 0.00691987710303637 0.0117639956686763 0.00231232288107887 0.999904183844472
1461243321.74204 -0.538686610631909 -0.521474524856503 15.6707028737332 0.00654254143545429 0.0104532801441883 0.00238548044968921 0.999921113672882
1461243321.80218 -0.540637047505715 -0.523783482764365 15.7280314090794 0.0051633434339844 0.0104817643358619 -0.000383513569191779 0.999931660374014
