1461243310.06273 4.7092721367726e-06 3.1583039250098e-06 -8.84611721448021e-06 -7.1794249996982e-07 -1.84679556540168e-06 -1.3640542160789e-06 0.999999999997107
1461243310.20433 -0.00789167033561808 -0.00379234890840354 0.155386963022248 -0.000878445795451604 -0.00111932515898792 0.000949077237601768 0.999998537347215
1461243310.26451 -0.0110858909821115 -0.00565930903230363 0.216773817002333 0.00022182195109749 -0.00267902097976645 0.000267141834330576 0.999996351131769
1461243310.30263 -0.0141087604004569 -0.00703590476685064 0.265358730804608 0.00101258624001617 -0.00322489108092163 0.00163313369610001 0.999992953785652
1461243310.36285 -0.0177248006982444 -0.00859145180144727 0.327582229854032 0.000483633176521156 -0.00347945304831517 -0.000805245467920534 0.999993505521497
1461243310.40312 -0.0205468719038607 -0.00984067044251075 0.380056583683353 0.00042794727630465 -0.00312004534249851 -6.01027689620055e-05 0.999995039270619
1461243310.46319 -0.0238295065301186 -0.0110328143302473 0.442965171112855 -0.00077178279340217 -0.00212778141921418 0.00106914798682641 0.999996866905159
1461243310.5426 -0.0278112265302508 -0.0130823524992259 0.539806866688054 -0.00105415344398121 -0.00110866599430273 0.00133213738466709 0.999997942512992
1461243310.60267 -0.0314483751023203 -0.0154471981586377 0.615897950054383 0.0002194885891003 -2.31583028754177e-05 -0.00153473149364067 0.999998797943125
1461243310.66266 -0.0348523606648995 -0.0172925736808744 0.693066024221548 0.000961777143534285 0.000740322831498914 -0.00195755617753208 0.999997347436804
1461243310.72487 -0.0377658775748961 -0.0194534561456998 0.772621522806212 3.72381718885665e-05 0.00261547461159217 -0.00334308369560337 0.999990990808057
1461243310.78261 -0.0401785408934037 -0.0212485758344358 0.84029544328391 0.000282222568335683 0.00360383668353076 -0.00139863890094116 0.999992488232189
1461243310.84258 -0.043516263621387 -0.0234199685486066 0.930632296652602 -0.000398400431408855 0.00497211932291069 -0.00147806330622797 0.999986467226131
1461243310.92446 -0.0466026256904836 -0.0253658703420802 1.02312089019071 -0.0015360562028703 0.0075224824772913 -0.000330516232006129 0.9999704713379
1461243311.00263 -0.0491652608928357 -0.0275372187646444 1.12492701672623 -0.00183904256477 0.0071018741666818 0.00152493976701324 0.999971927538205
1461243311.08308 -0.0525524237921102 -0.0302326447461708 1.22778850185203 -0.000986611148790107 0.00675798493112025 -0.000710223499305488 0.999976425632471
1461243311.14299 -0.0551391226689083 -0.0331266275563815 1.30973717207853 0.00142159558567371 0.00728354205635384 -8.79975303452592e-05 0.999972460289552
1461243311.22419 -0.0589678905688581 -0.0358515574765111 1.41356332120388 0.000317133257702098 0.00645113190412486 0.00125704169885796 0.999978350850567
1461243311.28295 -0.0617720835105188 -0.0377964448513775 1.49554715945795 -0.00048693619862869 0.00602200499650909 0.00141796199409381 0.999980743680969
1461243311.34288 -0.064896125627029 -0.0397719416491451 1.57696927925246 -0.000807307319084442 0.00607746596679008 0.00192572876773539 0.999979351902342
1461243311.40339 -0.0674730558961814 -0.041778985512556 1.64790153915267 -0.000284744011072206 0.00601519760669108 -0.000269787646211155 0.999981831601568
1461243311.44291 -0.0698739353621106 -0.0428812285139853 1.7061622729396 -0.00127654846543438 0.00562964777707569 -0.000926772062231002 0.999982909145684
1461243311.50287 -0.0725721368787195 -0.0445673829697061 1.78900711587806 -0.00189910597250868 0.00645846572000063 -0.000818656724116374 0.999977005444734
1461243311.56281 -0.0752422180609532 -0.0466250709811459 1.85917842604323 -0.000980838741516023 0.00647924886620475 -0.00169466583954484 0.999977092436214
1461243311.62263 -0.0782103080082986 -0.0486110106214154 1.9412039062634 -0.00125183418722885 0.00632563530122825 -0.00113796156323528 0.999978561916546
1461243311.6825 -0.0813067407718338 -0.0507527423660077 2.02466320615876 -0.000806056584958602 0.00626323195603501 -0.000308589195778403 0.999980013285743
1461243311.78245 -0.0853380217484717 -0.0545899178908542 2.15297202816447 0.000141844454235022 0.0058731656369555 -0.00132896361976434 0.999981859666089
1461243311.86251 -0.0895320666524279 -0.0579650734824378 2.25651952991572 0.00238606098707299 0.0071028453459198 -0.00170324878709543 0.999970477186465
1461243311.92249 -0.0914738469442568 -0.0587761216712298 2.33804863546755 -0.00393160127598999 0.0072980562136522 -0.00205571466364693 0.999963526796918
1461243311.98265 -0.0939144655020325 -0.0603668444678431 2.42127974548595 -0.00361485428948312 0.00712027809050675 -0.0023427360315509 0.999965372428599
1461243312.06317 -0.097946788650375 -0.0636054636813699 2.51050710377578 -6.70169062199177e-05 0.0077641704236038 -0.00249716526207236 0.999966738112834
1461243312.12443 -0.0994532966755855 -0.0657501133212251 2.59185830311342 -0.000286318539384721 0.00754281786763162 -0.0020659511246381 0.999969377414259
1461243312.18332 -0.102243334953369 -0.0679224487385417 2.67113940354097 0.000301706763041499 0.00772562189961055 -0.00167359296908432 0.99996871092343
1461243312.26284 -0.105698322358059 -0.0706739237919886 2.77015043569399 -3.81481880345245e-05 0.00790096639496503 0.000229834027131187 0.999968759737554
1461243312.38249 -0.110153918626746 -0.0742179331573457 2.91640891120716 -0.00155707692233333 0.00698779099121773 0.00098354999082625 0.999973889118079
1461243312.46277 -0.113412224538213 -0.0770495037176969 3.0152370169643 -0.000537645040347338 0.00633401581280596 0.00244769795051503 0.999976799708992
1461243312.54287 -0.118007491923963 -0.0788204599129173 3.11442688284002 -0.00100950519630512 0.00554640490412386 0.00243452620620249 0.999981145509279
1461243312.62438 -0.121315432766357 -0.0820392029304831 3.21860372365785 -0.000560862872133755 0.00496780593892195 0.00257093259380344 0.999984198196446
1461243312.68246 -0.124470795954914 -0.083925755777795 3.29872897716841 -0.000482949031872854 0.00445294278375799 0.00146304640253752 0.999988898716392
1461243312.74255 -0.127148497304428 -0.0858885961496661 3.36908180972386 -0.000469540888061967 0.00402171373904789 0.000464679347487213 0.999991694677041
1461243312.82251 -0.132092612566858 -0.0883858591996657 3.47491542480726 -0.00116877225915341 0.00551873093757576 -0.00197015884113513 0.999982147867843
1461243312.90282 -0.135828523725946 -0.0912407958697769 3.58103153779988 0.000156742091705172 0.00574540584407903 -0.00121830087500222 0.999982740594347
1461243312.98282 -0.138885509269525 -0.0930758822950955 3.68914525927546 -0.00286213959867797 0.00673641913599469 0.00082245816115731 0.999972875820497
1461243313.06245 -0.141967502229256 -0.0962103148425772 3.79888971371353 -0.000884571516308979 0.00693692598226466 0.000349918225243559 0.999975486773743
1461243313.12262 -0.143209491389803 -0.0983544129419748 3.88302366428724 4.80510394133448e-05 0.00650331220932956 0.00161518116297737 0.999977547653554
1461243313.18284 -0.148241390471123 -0.100025584535831 3.96608454473489 -0.00212677039590121 0.00648281816331754 0.00200713779187905 0.999974710337331
1461243313.26277 -0.15137897322348 -0.101085760755995 4.07825230997088 -0.00644708625228386 0.00505805858522595 -0.00219727666391369 0.999964010901126
1461243313.34255 -0.155885874624822 -0.105591642541583 4.18348132473824 0.0030847674371923 0.00471443485064664 0.00172954870206634 0.999982633336792
1461243313.40316 -0.159854861977951 -0.106367249068701 4.26621416247688 -0.00594482158437396 0.00372499161722269 0.00367395983447461 0.999968642284805
1461243313.48255 -0.163458285986592 -0.108414622957254 4.37545388923367 -0.00228341379982317 0.0027772107357191 0.0118897596983157 0.999922850392101
1461243313.56248 -0.169471788655013 -0.111686405447952 4.46559974364351 0.000390910124462579 0.0012258013515478 0.00563574039868753 0.999983291375651
1461243313.62244 -0.172296368611745 -0.114829937768506 4.55146270311501 0.00321065406888278 0.0022352994077918 -0.0021700870605128 0.999989992879508
1461243313.68259 -0.177537766701708 -0.121795751680392 4.62750464501974 0.0149786303380518 0.001842714372575 -0.00696591768012645 0.999861850971328
1461243313.7225 -0.179971541031055 -0.122731299620456 4.6734619966223 0.00873061805763288 0.00194371277673361 -0.00760096949249746 0.999931109402917
1461243313.76241 -0.1829186806136 -0.123828458707682 4.73734169837782 0.00138423612322243 0.0049042119441601 -0.0121980817562057 0.999912615880523
1461243313.82277 -0.185230988232441 -0.126555200434313 4.81769828508184 0.00477998579636187 0.00223790078084751 -0.0109310606096711 0.999926325010913
1461243313.88267 -0.188990920588126 -0.127877477932904 4.88343018335055 0.00169723982451128 0.00235160684158445 -0.0113763903960492 0.999931081156995
1461243313.92242 -0.191060095306811 -0.12873719578193 4.94056040403716 -0.0036603089696149 0.00151341444513835 -0.0139109697005878 0.999895392847149
1461243313.98243 -0.194239699728569 -0.129756537877324 5.01329578820047 -0.00397084037682778 0.00317954970541284 -0.0141266867492355 0.999887273452294
1461243314.0424 -0.196882970547856 -0.131581811843235 5.09311808310766 -0.00354983947655657 0.00380846685982312 -0.0104733808727994 0.999931598917127
1461243314.10256 -0.199530932443999 -0.133635004351476 5.16224451420137 -0.00267521551947071 0.00220357322511482 -0.00318494622636268 0.999988921740887
1461243314.18236 -0.204506485048527 -0.136036403308074 5.26277492616354 -0.00194042611298163 0.00108319190942933 0.00336068258834491 0.999991883594226
1461243314.24242 -0.205716394192685 -0.138222104495954 5.34895855574217 -0.00149385409739671 0.000980106180303967 0.00356650462996286 0.999992043886618
1461243314.32236 -0.214259297566395 -0.143989348836948 5.45148549507886 0.00654038046787667 -0.000631929714068935 0.000339410971721388 0.999978354209912
1461243314.40289 -0.21822290863553 -0.147367112462799 5.55896736459633 0.00486652758773568 -0.000994653633831781 -0.00124584468806289 0.999986887636233
1461243314.48291 -0.223837066493063 -0.149466043220415 5.65190678542476 0.00120213966216295 -0.00069348125137834 -0.00202992203883843 0.999996976675681
1461243314.56246 -0.230088778859807 -0.153946558751167 5.76493695392772 0.00434465206539815 -0.00161373487427625 -0.000382425359164892 0.999989186746052
1461243314.62233 -0.234781037799943 -0.156386117942286 5.8485004816156 0.00397269981531867 -0.00182901978748396 0.000166118160708881 0.99999042232791
1461243314.70237 -0.240512606679853 -0.160354926624391 5.96059188071844 0.00489158302843905 -0.00236249550418697 -0.00327878109862633 0.999979870109882
1461243314.78241 -0.245957848020318 -0.162808795509244 6.07450717450978 -0.000356122437694188 -0.00202476635342096 -0.00252756332281933 0.999994692446751
1461243314.86241 -0.251920343677132 -0.167330174658409 6.18699202343864 0.00466254819875251 -0.00188214045291043 -0.00337518265570288 0.999981662998703
1461243314.94264 -0.256932607425337 -0.170123965580334 6.28972568781983 0.00180069377630738 -0.000827378696481858 -0.00391810701865332 0.999990360645445
1461243315.02226 -0.262212572602117 -0.173741791784035 6.40438965011993 0.00295704940293001 2.23309651389372e-05 -0.00420551325674256 0.999986784421876
1461243315.08262 -0.266033788752572 -0.176773698709046 6.49499141961795 0.00276914927247736 0.00102313786309124 -0.00388192325252014 0.999988107765828
1461243315.14235 -0.269733179008527 -0.179594923251067 6.5852093804551 0.00317507648464568 0.0022729696003091 -0.00386650530594474 0.999984901203629
1461243315.2026 -0.272747914241536 -0.182162850042413 6.66359773945076 0.00336027743370222 0.00276271911813142 -0.00354869202745778 0.999984241227599
1461243315.26239 -0.276207193398339 -0.185338324577184 6.7544292795072 0.00434016703385239 0.00358246973632154 -0.00359278501902695 0.999977710129838
1461243315.3224 -0.279803195569575 -0.188307560736465 6.84588293273882 0.00352739645412669 0.00397948440803131 -0.00397514614589813 0.999977959452717
1461243315.38255 -0.282922054208765 -0.1914969062155 6.93773256508442 0.0040121762844342 0.00465462689248804 -0.00232072661234104 0.999978425326239
1461243315.44252 -0.28635489919582 -0.193764607320921 7.01658117219521 0.00331140545766425 0.00444837789583302 -0.00346421370204844 0.999978622647213
1461243315.48234 -0.288617886582807 -0.195833818409294 7.08259311855599 0.00290943620690368 0.00449130479491066 -0.00167766451087755 0.999984274278344
1461243315.54278 -0.292200909735625 -0.19880351862529 7.17513016782375 0.00346582307777629 0.00456721015212113 -0.00287862036114258 0.999979420891568
1461243315.6023 -0.295840661971083 -0.201220400129162 7.25379967774877 0.00313119169273604 0.00476921978168588 -0.0032918539671263 0.999978306704059
1461243315.66244 -0.299075167589003 -0.204421654601983 7.34892562928788 0.00273285263827142 0.0045206411763269 -0.0017980762720818 0.999984430999569
1461243315.72268 -0.302584683890906 -0.207432828363563 7.43072219282683 0.00412520266622928 0.00352891627372692 -0.00236763934002741 0.99998246171463
1461243315.78273 -0.306633492136585 -0.20995682745436 7.52562748433818 0.00153582447596087 0.00237639921641098 -0.00152423547716495 0.99999483532474
1461243315.84254 -0.31054112249566 -0.212887159343944 7.62091923486493 0.00239786131395872 0.00279050955138682 -0.00318751425846496 0.999988151465014
1461243315.9223 -0.316151620161644 -0.217157668646801 7.73950102995606 0.00320925135633832 0.00237104964098289 0.000513698599989355 0.999991907438795
1461243315.98271 -0.318271581919216 -0.219060016299351 7.82389539994376 0.00146080949560159 0.00228702575185576 -0.00192990188404911 0.999994455498402
1461243316.04261 -0.322924522268623 -0.222635565746265 7.9147268241556 0.00299587111710595 0.00308667737283081 0.000754738476042093 0.999990463728969
1461243316.10266 -0.326314241560086 -0.225861969595167 8.00772846326357 0.00378155395279369 0.00333804259365242 -0.000717729643211903 0.999987021008525
1461243316.14258 -0.328348823776801 -0.22756993168246 8.0598026009799 0.0024921133554358 0.00330305142031531 -0.000161661095131025 0.999991426507262
1461243316.18247 -0.331120054240232 -0.229621047234874 8.12493056537732 0.00250295786799738 0.00405474437897285 0.000318602270342508 0.999988596306241
1461243316.24253 -0.333543010516894 -0.232030142154441 8.2012954881174 0.00231438107884998 0.00464363099946078 0.000618486933287716 0.999986348809461
1461243316.28285 -0.33578604677903 -0.234277014113633 8.26581093281946 0.00168396919179026 0.00415365831690498 0.00242172029906065 0.999987023236372
1461243316.34391 -0.339573969592968 -0.237091606129671 8.35334001120735 0.00318275665608639 0.00474819713457659 0.00101884929139353 0.999983143173004
1461243316.40264 -0.342559312290731 -0.239208494474298 8.42941999675574 0.0024013157186611 0.00514182732848261 0.000651674953273394 0.999983685174063
1461243316.46264 -0.345438514489401 -0.24216550638315 8.51968792899069 0.00197691896184307 0.00478422429841489 -8.57340091830204e-05 0.99998659772967
1461243316.52266 -0.348761515001087 -0.24511624441366 8.607116794538 0.00323749649174036 0.00477846720954944 0.00101671092705703 0.999982825435759
1461243316.5826 -0.352092175949133 -0.247666338611918 8.693828772946 0.000820934495875353 0.00457423837266242 0.000620819150106585 0.999989008436316
1461243316.66244 -0.356019101974694 -0.251685131047753 8.80523476339666 0.00234402994118112 0.0045913106682019 0.00151390853564283 0.999985566631303
1461243316.74306 -0.360472528414287 -0.255195083478667 8.91551324471552 0.00235914630662559 0.00375573735524202 7.34302152404782e-05 0.999990161688417
1461243316.82315 -0.365083352531818 -0.258691230650169 9.02717118497691 0.00368270965263837 0.00393175204788206 -0.000598084400951869 0.999985310527359
1461243316.90261 -0.369747521341867 -0.261954420190654 9.13782920201522 0.00229746952002274 0.00358299561166063 -0.000229765263910778 0.999990915450823
1461243316.98229 -0.373724803957388 -0.265328897559402 9.23803992513056 0.0036693261113004 0.00400412260078524 -0.00154916319751043 0.999984051443559
1461243317.04232 -0.377233869584288 -0.268148756856556 9.32497745467708 0.00229217947251328 0.00527815563373106 -0.000532811131988019 0.999983301409913
1461243317.08229 -0.378837748510493 -0.270093806845246 9.38865916701893 0.00236340458290493 0.00475876717922191 0.000943604106144584 0.999985438926489
1461243317.12244 -0.380994131020564 -0.271759529295222 9.43820199960806 0.00292890481088054 0.00549685220043804 0.000972773156229157 0.999980129725027
1461243317.16262 -0.383207152242683 -0.273495913589125 9.50175099190128 0.00272765325743775 0.00520987600828164 -0.000624798499815021 0.999982513210366
1461243317.22261 -0.386360231968628 -0.276309872741009 9.59040007143321 0.00224423490471552 0.00520185408608284 -0.000816566032408369 0.999983618537661
1461243317.28226 -0.389288889458825 -0.278701946639623 9.66767616164405 0.00197786973222487 0.00517346882870284 -1.08488021769143e-05 0.999984661449317
1461243317.34235 -0.392672068180309 -0.281474675374069 9.75457028641803 0.00226931093965615 0.0050608770429807 -0.00203299862084246 0.999982552181798
1461243317.40241 -0.396191015090963 -0.283986014946293 9.84352016409491 0.00239660869283277 0.00479348239130032 -0.00295012985982894 0.999981287588497
1461243317.46219 -0.399623371761756 -0.286770807199225 9.93220902891945 0.0014478573940877 0.0045621391200771 0.000213108715041237 0.999988522524279
1461243317.52224 -0.401949529892318 -0.28972855971337 10.0087442690662 0.00493534005731699 0.00450712309385774 -0.00118147331780521 0.999976965925083
1461243317.56232 -0.405142605660473 -0.291638239533726 10.0705237413364 0.0036079003757179 0.00432224299701528 -0.00169641194032866 0.999982711578997
1461243317.62224 -0.408107971956155 -0.294036896708851 10.1480431435005 0.00197756124692179 0.00429709562923893 -0.00251853987474962 0.999985640485686
1461243317.68295 -0.411940919084799 -0.296687254040382 10.2350282467415 0.0039556264913399 0.00385683769634678 -0.00754120743199561 0.999956303051545
1461243317.76221 -0.417151313167727 -0.300721343501064 10.3523261841979 0.00328034054562402 0.00335525022709012 -0.00994547739621987 0.999939532742445
1461243317.82214 -0.42143889393111 -0.303431245499701 10.4405179564155 0.0040132253275857 0.00291701842853042 -0.00656254606981257 0.999966158434894
1461243317.88221 -0.42468823566693 -0.305348681698635 10.5182176893905 0.00190163635403969 0.00299372782788952 -0.00911189082505042 0.999952196266633
1461243317.92256 -0.428078758676325 -0.307710729829954 10.5830613816297 0.00292497831227664 0.00205823991762379 -0.0104626294050616 0.999938868899618
1461243317.98225 -0.432622285229418 -0.310726403561643 10.6748265750495 0.00389040263135458 0.00169161772654929 -0.0122965379339256 0.999915395596884
1461243318.02242 -0.435197772252214 -0.312539275395526 10.7269044826039 0.0043322584335634 0.0011089253977071 -0.0133697038915972 0.999900621481544
1461243318.06266 -0.438439895710924 -0.315252625047869 10.793247333782 0.00557199711802362 0.0012599414151306 -0.0162776276902541 0.99985119104421
1461243318.12226 -0.442524007832712 -0.318497541951716 10.8706412184973 0.0075357324259443 0.000335276146676739 -0.01586130509878 0.999845747766761
1461243318.18224 -0.447103992478304 -0.320748122005819 10.9581320463517 0.00312792626347762 0.00161142394761894 -0.012943683461321 0.999910036177558
1461243318.24222 -0.449866556653722 -0.323975158795682 11.0381506198603 0.00475138037716462 0.00075683646045239 -0.0110690263860019 0.999927161466249
1461243318.30232 -0.454829487422878 -0.329000345239454 11.1225619893356 0.0114443697210924 0.00048078291606276 -0.00769269491799694 0.999904804316078
1461243318.36231 -0.459369502152778 -0.332833099249301 11.215500452524 0.0078865280489491 -0.000577462503114752 -0.0118769400675178 0.999898198571746
1461243318.42245 -0.462934080979787 -0.336069776254531 11.2956120066696 0.00908827332696112 0.000228139942151762 -0.0108853584092555 0.999899425048541
1461243318.52265 -0.469237991836969 -0.343007027841353 11.4459796812115 0.00959124091926996 0.00188306838349608 -0.00968378808566878 0.999905338719323
1461243318.62407 -0.474020568708276 -0.348909908936102 11.5839122354795 0.007800211081615 0.00364358266129426 -0.00642274830708393 0.999942312994433
1461243318.70284 -0.47875352835118 -0.35402986095588 11.6956236429942 0.00907638869163186 0.00387084566498787 -0.00557991725249713 0.99993574805865
1461243318.8044 -0.482067104806838 -0.358711361967357 11.7937413421091 0.00927122303510744 0.00324641944799479 -0.00458340679857603 0.999941247057206
1461243318.85205 -0.486021965813542 -0.362476072595885 11.8781739893542 0.00985296073941323 0.00309680680075057 -0.00656839528886603 0.999925089762046
1461243318.9424 -0.49210271745695 -0.368331269584955 12.008091774785 0.00939515654435511 0.00316879936166565 -0.0093246470248693 0.999907366060464
1461243319.00231 -0.495599357167969 -0.371803929416009 12.090406568601 0.00845183222148379 0.00357015310146732 -0.0106661036687641 0.999901022487456
1461243319.06212 -0.499079522648838 -0.375469261922578 12.1729917087122 0.0079065295993618 0.00454565848678108 -0.00869038568388476 0.999920647339218
1461243319.14266 -0.500926371692074 -0.380354784126014 12.2790999210019 0.00801007041185042 0.00652514722296752 -0.00954313196642828 0.999901090037403
1461243319.22208 -0.504870345812358 -0.385522056601426 12.3801698833207 0.0114981222517633 0.00779252508146464 -0.0094545230913947 0.999858830900969
1461243319.30233 -0.508010058917827 -0.389107679354829 12.475199689449 0.00844125269807983 0.00890793876884438 -0.00953898366419077 0.999879193538115
1461243319.40265 -0.5112841884591 -0.395277033959022 12.6093902349624 0.00900488754209735 0.00902984902516982 -0.00660241679429009 0.99989688564342
1461243319.48228 -0.514690592591972 -0.399177646242995 12.6995802948913 0.0100781540440008 0.00898492178107547 -0.00777494758706979 0.999878618724129
1461243319.5621 -0.517918262936448 -0.403914459139613 12.8031493419987 0.00817680219103849 0.00723018402203416 -0.00413827836922031 0.999931867177497
1461243319.62482 -0.521499030574652 -0.40749597267978 12.883299198534 0.00964296297832318 0.0053030970169112 -0.00769753313330496 0.99990981513869
1461243319.70207 -0.526026631175213 -0.411935582175829 12.9860763191088 0.00969469247283667 0.00447576788500147 -0.00565055132269631 0.999927023191916
1461243319.76266 -0.530627430395568 -0.414774034068748 13.0683429305778 0.00705147795382142 0.00327393867007881 -0.00549833312488143 0.999954662130788
1461243319.84204 -0.535216285462488 -0.42142969160326 13.171496717152 0.0136654729003573 0.00112565464108224 -0.00422069336802236 0.999897081453652
1461243319.92255 -0.540795314021863 -0.42396173919342 13.2785275055698 0.0053111603426009 0.000923323710424732 -0.00448076379904346 0.999975430600631
1461243320.06296 -0.548847447987366 -0.432928258771948 13.4559841541561 0.0111669213119289 0.00183311474754514 -0.00834037239375156 0.999901183991233
1461243320.10293 -0.551139073644793 -0.435928971460748 13.517426823362 0.0109234065995775 0.00255115930351963 -0.0116769499766063 0.99986890121341
1461243320.16261 -0.554415498692812 -0.439422234352582 13.6022576261642 0.0104774327674255 0.00497789772952379 -0.0100308436090805 0.999882406142487
1461243320.22235 -0.555732861262085 -0.441682831979616 13.6762004633096 0.0059518528409198 0.00799609548532442 -0.00499246777625172 0.999937854654104
1461243320.26241 -0.555258620447959 -0.443996357641866 13.7378427655849 0.0053890607438007 0.00866819518942046 -0.00016721477517607 0.999947894870366
1461243320.32253 -0.558276970177652 -0.448654951983105 13.8242160265554 0.00958286909269535 0.0127801852133887 0.00113539214455828 0.999871764963159
1461243320.42221 -0.559340338044371 -0.456295879567992 13.962537799166 0.0118068392641901 0.0176768346812713 -0.00735240299281055 0.999747003112524
1461243320.48244 -0.558701915780438 -0.459667743294674 14.048953142378 0.00963346168918823 0.0226873888833348 -0.00686337479844345 0.999672632859335
1461243320.542 -0.556316280366188 -0.46262363150275 14.1251890563118 0.00810550499934529 0.0261098915261261 -0.00270999271445889 0.999622543909794
1461243320.6023 -0.554768454700708 -0.466781512795242 14.2121865955081 0.00892008455027434 0.0302880330609548 -0.00419219761137433 0.999492617593598
1461243320.66205 -0.552275546991462 -0.471058676629279 14.2992022606213 0.0107187287819331 0.0344890598383448 -0.00593876721000901 0.999329947839447
1461243320.72408 -0.549392425810786 -0.474402383441082 14.3856693958271 0.00778326626835903 0.0383551022665439 -0.00594287341503302 0.999216187394846
1461243320.7823 -0.54593456146313 -0.477126742839343 14.4595458874837 0.00701344887716258 0.0415832116574763 -0.0027189591792329 0.999106728685218
1461243320.84278 -0.54145581144378 -0.481285894905823 14.5467988112115 0.00798640716250291 0.0436339115904038 -0.00166861633628472 0.99901427155946
1461243320.90256 -0.537429093912519 -0.485069763189368 14.6320234360364 0.00766554633066988 0.0448629367387283 -0.000696565017732238 0.998963498384103
1461243320.94377 -0.534635071262975 -0.487289647256655 14.6817813126413 0.00691702958121941 0.0449676213705682 0.000360048792752152 0.998964432847793
1461243321.0266 -0.530566728637561 -0.491588323923659 14.7883893216391 0.00621713920000165 0.0446537098962423 0.00166116618853142 0.998981798582719
1461243321.06355 -0.528467130631118 -0.493801324651628 14.8482425874823 0.00689104205724533 0.043404488698747 0.00218458038008496 0.999031426687233
1461243321.10269 -0.52645830528226 -0.496519507936169 14.9096158479027 0.00694312337531664 0.0409893762147888 0.00265280306163877 0.999131936588574
1461243321.14378 -0.525560170665183 -0.49809149427264 14.955837503291 0.00768010646797166 0.0378470926341954 0.00526714868215517 0.999240146655717
1461243321.26206 -0.525678990921097 -0.504750656616878 15.1195856624339 0.00611409782624649 0.0272805232089066 0.0051902193910575 0.999595644490257
1461243321.32446 -0.526450800562802 -0.507559315091647 15.1879393624844 0.00734350957572468 0.0235144646060633 0.00466638911555474 0.999685634404148
1461243321.36238 -0.528091244511924 -0.50991413769574 15.2432308874582 0.00716486812335797 0.0212118506511155 0.00322886042719876 0.999744115520102
1461243321.42458 -0.52942813423145 -0.512967502335671 15.3094227975393 0.00802172512012481 0.0182302883639857 0.00561820581732573 0.999785849207548
1461243321.48209 -0.531019297540546 -0.51611632510468 15.3869591146029 0.00719760864100887 0.0156345469281433 0.00525620636819682 0.999838050719624
1461243321.52417 -0.53242712088096 -0.518362492174109 15.4406606003709 0.00684276371204477 0.0155980370301414 0.00680944987188178 0.999831740453378
1461243321.58227 -0.533546918026575 -0.521193572987517 15.5046297317125 0.00657133515577304 0.0144539666207991 0.00483831109948543 0.999862236085002
1461243321.62382 -0.535027603241065 -0.523514573213735 15.5558295975552 0.00747568732328214 0.0126812262532076 0.0042549426093206 0.999882591139155
1461243321.68207 -0.536893919467534 -0.526854031991522 15.6266088616822 0.00746164190016472 0.0119139137194414 0.00325419635771084 0.999895890963707
1461243321.74204 -0.538814755097735 -0.529838646721061 15.695656768475 0.00714012906622272 0.0106188344198679 0.00321069007166587 0.999912971403884
